6.899734524488448928e-02
6.997973384857177070e-02
7.889703277349471855e-02
8.081003876924515439e-02
8.874588310718536932e-02
7.316999815702437959e-02
7.631515009403229410e-02
7.811491132974625329e-02
8.353083578348159677e-02
5.870808379650115788e-02
6.984562302827834746e-02
8.505183433294295769e-02
8.043670530319213530e-02
8.208627411127090989e-02
6.436938142776489624e-02
1.113586181402206471e-01
6.984009517431259695e-02
8.997294596433640101e-02
7.344599056243895918e-02
6.746590095758438210e-02
6.831788939237594394e-02
6.977926336526871220e-02
8.447282657623290947e-02
9.640720913410186221e-02
7.415844833850861184e-02
5.920467569828033461e-02
1.114776639699935901e-01
6.500523712635040974e-02
