1.124600462198257489e-01
8.989831358194351474e-02
4.042131702303886770e-02
7.979471813440322525e-02
7.011287888288497694e-02
7.407644548416138230e-02
6.114960346221923887e-02
7.107146594524384187e-02
5.209181762337684873e-02
5.145650517940521251e-02
1.160782998561859097e-01
1.017085862874984731e-01
8.539421817064285491e-02
5.150489296317100479e-02
7.341507270336150581e-02
5.193982387781143073e-02
7.572522006034851372e-02
5.837774051427840893e-02
8.543831392526626822e-02
7.261397229433060041e-02
9.280884306430817188e-02
4.762113713622093125e-02
6.566359817981720637e-02
6.617149994373321131e-02
5.937757680416107242e-02
4.983233590722083856e-02
7.990073856115341433e-02
9.282728830575942558e-02
