9.505154192447662354e-02
2.653798088431358337e-02
1.509864330291748047e-01
2.085510641336441040e-02
1.294034123420715332e-01
1.115722954273223877e-01
3.167164325714111328e-02
2.011425048112869263e-01
-4.875503480434417725e-03
8.941184729337692261e-03
8.648898452520370483e-03
-5.977113544940948486e-02
2.170820236206054688e-01
-7.709234021604061127e-03
3.127795085310935974e-02
1.325125843286514282e-01
6.173140928149223328e-02
2.241849452257156372e-01
2.169104814529418945e-01
1.843938529491424561e-01
1.469614058732986450e-01
5.710458382964134216e-02
1.522816717624664307e-01
-2.789688110351562500e-02
1.223825588822364807e-01
1.080760285258293152e-01
1.381085813045501709e-01
1.074694767594337463e-01
