4.110203087329864502e-01
1.044418439269065857e-01
-1.322778686881065369e-02
1.645922064781188965e-01
2.031731158494949341e-01
1.144111752510070801e-01
3.316161036491394043e-02
8.852187544107437134e-02
-3.512231260538101196e-02
1.300915479660034180e-01
8.344914764165878296e-02
1.859002709388732910e-01
9.031733870506286621e-02
1.124189868569374084e-01
9.285801649093627930e-02
1.999339461326599121e-02
1.535968631505966187e-01
1.131575182080268860e-01
6.800144165754318237e-02
2.400311529636383057e-01
2.758514881134033203e-01
6.370501592755317688e-03
1.016184613108634949e-01
6.683555990457534790e-02
-6.499706208705902100e-02
8.829094469547271729e-02
2.193951979279518127e-02
2.415928244590759277e-02
