-1.262984052300453186e-02
-1.261373143643140793e-02
-1.260097324848175049e-02
-1.209815777838230133e-02
-6.153907161206007004e-03
8.113455958664417267e-03
-3.239995986223220825e-02
-3.892481327056884766e-02
-2.561574615538120270e-02
-6.850238889455795288e-02
-7.267104834318161011e-02
-5.454408377408981323e-02
-5.455613136291503906e-02
-5.641377717256546021e-02
-6.458284705877304077e-02
-7.939979434013366699e-02
-7.835807651281356812e-02
-6.292124092578887939e-02
-9.337043762207031250e-02
-3.633661568164825439e-02
-2.025476656854152679e-02
-4.847711697220802307e-02
-7.698637992143630981e-02
-9.088363498449325562e-02
-8.495338261127471924e-02
-8.010324090719223022e-02
-7.172910869121551514e-02
-6.074062734842300415e-02
-7.560839504003524780e-02
-9.989673644304275513e-02
-1.144196093082427979e-01
-5.822721123695373535e-02
-5.113579332828521729e-02
-5.143611878156661987e-02
-5.409423634409904480e-02
-5.308321490883827209e-02
-8.331794291734695435e-02
-5.888274684548377991e-02
-8.039793372154235840e-02
-6.865170598030090332e-02
-7.042346894741058350e-02
-5.237730592489242554e-02
-8.647870272397994995e-02
-8.391145616769790649e-02
-5.437489971518516541e-02
-5.444974452257156372e-02
-5.729751661419868469e-02
-4.272507876157760620e-02
-5.017444863915443420e-02
-5.232835188508033752e-02
-5.040293186902999878e-02
-2.545815519988536835e-02
-5.074997618794441223e-02
-3.164847940206527710e-02
-5.186356976628303528e-02
-3.238307684659957886e-02
-7.967749238014221191e-02
-8.104742318391799927e-02
-3.973157331347465515e-02
-5.587160587310791016e-02
-6.379473954439163208e-02
-2.782772853970527649e-02
-8.526264876127243042e-02
-5.358167365193367004e-02
-6.459693610668182373e-02
-6.045620888471603394e-02
-6.157722324132919312e-02
-1.096420660614967346e-01
-7.553638517856597900e-02
-5.382250249385833740e-02
-7.346361130475997925e-02
-6.581998616456985474e-02
-9.673002362251281738e-02
-6.636395305395126343e-02
-3.838739916682243347e-02
-7.737385481595993042e-02
-6.101356074213981628e-02
-7.588893920183181763e-02
-6.732681393623352051e-02
-5.799861252307891846e-02
-6.035930663347244263e-02
-4.809238389134407043e-02
-7.633236050605773926e-02
-6.673967093229293823e-02
-2.583948522806167603e-02
-2.609672211110591888e-02
-2.732228301465511322e-02
-2.767141535878181458e-02
-5.931457132101058960e-02
-4.053739830851554871e-02
-4.225061461329460144e-02
-2.710038982331752777e-02
-9.526037424802780151e-02
-4.073445498943328857e-02
-3.076439909636974335e-02
-7.375035434961318970e-02
-7.290522754192352295e-02
-8.840730041265487671e-02
-3.448152169585227966e-02
-9.406856447458267212e-02
-4.317364096641540527e-02
-4.778634756803512573e-02
-2.801013179123401642e-02
-7.425931841135025024e-02
-8.642464131116867065e-02
-4.360625520348548889e-02
-8.612386137247085571e-02
-4.405130818486213684e-02
-1.071298420429229736e-01
-7.861787080764770508e-02
-5.359294265508651733e-02
-3.279593959450721741e-02
-7.275971025228500366e-02
-8.433130383491516113e-02
-4.823412001132965088e-02
-7.929597049951553345e-02
-7.912153005599975586e-02
-6.260441243648529053e-02
-2.535589039325714111e-02
-1.453621089458465576e-01
-8.875377476215362549e-02
-3.853749856352806091e-02
-6.928625702857971191e-02
-8.915345370769500732e-02
-7.797566801309585571e-02
-5.560197681188583374e-02
-6.737518310546875000e-02
-6.969974935054779053e-02
-6.887675076723098755e-02
-8.498688787221908569e-02
-9.259476512670516968e-02
-4.699988663196563721e-02
-3.647509962320327759e-02
-4.719879478216171265e-02
-3.271489962935447693e-02
-6.645308434963226318e-02
-8.172691613435745239e-02
-3.256844729185104370e-02
-3.185734525322914124e-02
-9.210620075464248657e-02
-2.653025276958942413e-02
-6.542558968067169189e-02
-2.643194422125816345e-02
-5.998688936233520508e-02
-4.955656826496124268e-02
-3.325406834483146667e-02
-8.473668247461318970e-02
-3.283201530575752258e-02
-1.087130531668663025e-01
-6.965223699808120728e-02
-3.172174468636512756e-02
-7.588417828083038330e-02
-2.602830901741981506e-02
-8.698029816150665283e-02
-6.957914680242538452e-02
-3.851482272148132324e-02
-4.965062066912651062e-02
-1.158453673124313354e-01
-2.334025315940380096e-02
-7.571306824684143066e-02
-6.812874227762222290e-02
-3.877971693873405457e-02
-6.098155677318572998e-02
-5.822199583053588867e-02
-3.229488804936408997e-02
-3.198944404721260071e-02
-3.654940053820610046e-02
-4.098969325423240662e-02
-9.713160991668701172e-02
-3.614693135023117065e-02
-6.714329868555068970e-02
-4.880974441766738892e-02
-3.361458331346511841e-02
-2.779181674122810364e-02
-2.859188057482242584e-02
-5.736866965889930725e-02
-3.621259331703186035e-02
-2.223222851753234863e-01
-5.082842707633972168e-02
-3.640646487474441528e-02
-6.161685660481452942e-02
-3.030042722821235657e-02
-1.396333985030651093e-02
-4.374944046139717102e-02
-4.056121036410331726e-02
-3.479157015681266785e-02
-8.616690337657928467e-02
-6.423579156398773193e-02
-3.286824002861976624e-02
-3.049112670123577118e-02
-8.244178444147109985e-02
-2.820305526256561279e-02
-7.841672003269195557e-02
-3.147924691438674927e-02
-3.671425580978393555e-02
-2.369355596601963043e-02
-9.873463213443756104e-02
-2.910343930125236511e-02
-3.483130037784576416e-02
-3.435089439153671265e-02
-3.172817453742027283e-02
-9.830588102340698242e-02
-6.256575882434844971e-02
-8.075156807899475098e-02
-7.485746592283248901e-02
-7.408668100833892822e-02
-8.554464578628540039e-02
-3.700542822480201721e-02
-3.919075429439544678e-02
-3.329439833760261536e-02
-8.344925194978713989e-02
-3.983172401785850525e-02
-3.542352840304374695e-02
-6.565814465284347534e-02
-3.145132586359977722e-02
-5.499874427914619446e-02
-5.595300346612930298e-02
-3.294006362557411194e-02
-3.659654781222343445e-02
-6.288772076368331909e-02
-3.509241342544555664e-02
-3.559582680463790894e-02
-3.558168560266494751e-02
-9.711456298828125000e-02
-3.661622107028961182e-02
-8.358948677778244019e-02
-3.987919539213180542e-02
-8.871297538280487061e-02
-7.210661470890045166e-02
-5.700721219182014465e-02
-3.046659007668495178e-02
-3.520232811570167542e-02
-3.033424727618694305e-02
-3.537534549832344055e-02
-3.944565355777740479e-02
-4.365818947553634644e-02
-3.464193642139434814e-02
-7.440987229347229004e-02
-5.194781348109245300e-02
-7.032948732376098633e-02
-6.319542229175567627e-02
-5.100649967789649963e-02
-3.308507055044174194e-02
-7.250460237264633179e-02
-8.971874415874481201e-02
-6.718225777149200439e-02
-8.442922681570053101e-02
-3.477807343006134033e-02
-4.561042413115501404e-02
-3.222447633743286133e-02
-2.252734452486038208e-01
-1.554944664239883423e-01
-3.916891291737556458e-02
-7.646175473928451538e-02
-1.320852488279342651e-01
-2.974660880863666534e-02
-1.016756221652030945e-01
-8.093775063753128052e-02
-4.927349090576171875e-02
-8.671601861715316772e-02
-9.904789179563522339e-02
-9.341134130954742432e-02
-2.872258238494396210e-02
-1.013716161251068115e-01
-7.238344848155975342e-02
-3.443164005875587463e-02
-3.181236982345581055e-02
-3.465804830193519592e-02
-1.212566494941711426e-01
-2.940906584262847900e-02
-9.612534940242767334e-02
-4.978284984827041626e-02
-5.362998694181442261e-02
-7.168351858854293823e-02
-2.940518781542778015e-02
-6.593213975429534912e-02
-4.366218671202659607e-02
-9.336894750595092773e-02
-1.077726036310195923e-01
-3.171638399362564087e-02
-4.878021031618118286e-02
-9.287685155868530273e-02
-7.300302386283874512e-02
-2.881720103323459625e-02
-2.306299097836017609e-02
-3.404556587338447571e-02
-1.088716909289360046e-01
-3.794981911778450012e-02
-2.785431407392024994e-02
-3.166311606764793396e-02
-2.807541750371456146e-02
-3.378693759441375732e-02
-7.216962426900863647e-02
-2.767943777143955231e-02
-5.273192375898361206e-02
-7.898038625717163086e-02
-8.315516263246536255e-02
-2.801578864455223083e-02
-4.309676960110664368e-02
-4.339601099491119385e-02
-9.885606914758682251e-02
-6.731152534484863281e-02
-3.052707761526107788e-02
-7.015722990036010742e-02
-2.264386415481567383e-02
-3.059454075992107391e-02
-6.973966956138610840e-02
-2.829806506633758545e-02
-8.849597722291946411e-02
-6.288776546716690063e-02
-5.951916426420211792e-02
-5.790622904896736145e-02
-4.786329343914985657e-02
-5.224534869194030762e-02
-2.721987664699554443e-02
-2.783046662807464600e-02
-3.154817596077919006e-02
-3.323040530085563660e-02
-1.142372116446495056e-01
-3.590259328484535217e-02
-3.361175581812858582e-02
-3.310254588723182678e-02
-2.968457899987697601e-02
-6.007345020771026611e-02
-2.697116695344448090e-02
-4.476879164576530457e-02
-8.874249458312988281e-02
-7.712902873754501343e-02
-2.978537417948246002e-02
-3.538879752159118652e-02
-7.990632206201553345e-02
-3.531261533498764038e-02
-2.641707099974155426e-02
-3.375596404075622559e-01
-5.437073484063148499e-02
-3.062824718654155731e-02
-1.422577798366546631e-01
-3.468680381774902344e-02
-3.528063744306564331e-02
-7.104819267988204956e-02
-5.846337229013442993e-02
-3.437853232026100159e-02
-3.460678085684776306e-02
-3.227695822715759277e-02
-1.066761538386344910e-01
-2.654262259602546692e-02
-2.599911205470561981e-02
-4.544650763273239136e-02
-5.507703125476837158e-02
-1.010172665119171143e-01
-2.958356589078903198e-02
-3.248898312449455261e-02
-2.547291293740272522e-02
-7.069826126098632812e-02
-2.835940942168235779e-02
-2.538618817925453186e-02
-2.923795208334922791e-02
-1.105814576148986816e-01
-6.127934157848358154e-02
-4.220521077513694763e-02
-1.222956832498311996e-02
-2.998729422688484192e-02
-6.826899200677871704e-02
-7.231958210468292236e-02
-4.943995177745819092e-02
-2.859850227832794189e-02
-1.102039664983749390e-01
-2.923351712524890900e-02
-4.406168684363365173e-02
-6.592295598238706589e-03
-2.723288349807262421e-02
-4.263778775930404663e-02
-1.383277177810668945e-01
-2.871323935687541962e-02
-2.837159857153892517e-02
-3.570393472909927368e-02
-6.492863595485687256e-02
-1.052740067243576050e-01
-2.428171224892139435e-02
-2.930567227303981781e-02
-2.405100315809249878e-02
-7.774924486875534058e-02
-8.575674891471862793e-02
1.454624682664871216e-01
1.547612547874450684e-01
1.303659975528717041e-01
3.273416310548782349e-02
8.062726259231567383e-02
1.673523485660552979e-01
1.747583001852035522e-01
1.419782340526580811e-01
1.483642607927322388e-01
-5.827734619379043579e-02
-1.088953912258148193e-01
-1.279927790164947510e-01
2.660249471664428711e-01
-2.254307456314563751e-02
3.253313302993774414e-01
1.186272859573364258e+00
2.207043647766113281e+00
3.001228332519531250e+00
2.723104238510131836e+00
2.065330982208251953e+00
1.338146090507507324e+00
9.777774810791015625e-01
7.773030996322631836e-01
4.594326913356781006e-01
4.018298089504241943e-01
2.381580322980880737e-01
1.788331568241119385e-01
-5.545806512236595154e-02
-6.785908248275518417e-03
-1.133268624544143677e-01
-1.159733999520540237e-02
-3.204995021224021912e-02
-2.325391024351119995e-02
6.093882396817207336e-02
-4.998416453599929810e-02
2.833027392625808716e-02
-4.937339201569557190e-02
-6.230680644512176514e-02
-3.660374879837036133e-02
-5.925535038113594055e-02
-3.759459033608436584e-02
-1.051981747150421143e-01
-3.796088322997093201e-02
-1.818100363016128540e-02
-6.185263395309448242e-02
-2.440321631729602814e-02
-3.512212634086608887e-02
-4.236235842108726501e-02
-1.066155955195426941e-01
-8.760160207748413086e-02
-9.442166239023208618e-02
-3.975286707282066345e-02
-5.721761658787727356e-02
-1.264624446630477905e-01
-1.404070705175399780e-01
-6.259427219629287720e-02
-3.059767745435237885e-02
-6.661999225616455078e-02
-2.393536828458309174e-02
-2.659927122294902802e-02
-1.063999235630035400e-01
-3.016222827136516571e-02
-2.619643695652484894e-02
-1.091795507818460464e-02
1.494967378675937653e-02
-3.338284790515899658e-02
-4.866041988134384155e-02
-2.517441287636756897e-02
-5.276488140225410461e-02
-3.306017443537712097e-02
-6.651164591312408447e-02
-2.613161504268646240e-02
-4.854547977447509766e-02
-2.284979075193405151e-02
-3.296000510454177856e-02
-4.061392694711685181e-02
-6.920228153467178345e-02
-6.709291040897369385e-02
-8.457373082637786865e-02
-1.314265131950378418e-01
-4.807192832231521606e-02
-6.088454648852348328e-02
-5.258406326174736023e-02
-5.227994918823242188e-02
-6.110763922333717346e-02
-7.478179782629013062e-02
-2.396073937416076660e-02
-4.646071419119834900e-02
-5.068227648735046387e-02
-6.527849286794662476e-02
-5.032790452241897583e-02
-5.439575016498565674e-02
-3.041150793433189392e-02
-6.038948521018028259e-02
-7.211464643478393555e-02
-5.163294449448585510e-02
-2.093954756855964661e-02
-1.895534433424472809e-02
-6.120755895972251892e-02
-7.629650086164474487e-02
-3.914630413055419922e-02
-1.746375486254692078e-02
-5.753130093216896057e-02
-5.257195606827735901e-02
-1.083577796816825867e-01
-5.122289061546325684e-02
-3.161776810884475708e-02
-1.290504336357116699e-01
-3.681867942214012146e-02
-1.112277656793594360e-01
-4.812657460570335388e-02
-4.540681093931198120e-02
-1.920776069164276123e-02
-5.279152840375900269e-02
-5.051920935511589050e-02
-6.211356446146965027e-02
-9.671635180711746216e-02
-5.597251281142234802e-02
-7.484562695026397705e-02
-3.392494469881057739e-02
-2.807423286139965057e-02
-3.779052942991256714e-02
-4.367873445153236389e-02
-6.253187358379364014e-02
-4.461433738470077515e-02
-7.560876756906509399e-02
-4.606915265321731567e-02
-5.899969115853309631e-02
-2.785898931324481964e-02
-2.132145687937736511e-02
-6.642444431781768799e-02
-4.303696006536483765e-02
-9.120362251996994019e-02
-1.044149100780487061e-01
-1.885744370520114899e-02
-1.093709841370582581e-01
-6.838569045066833496e-02
-4.603551700711250305e-02
-4.606744647026062012e-02
-4.302731156349182129e-02
-4.750776290893554688e-02
-3.100018203258514404e-02
-6.188143417239189148e-02
-4.019211605191230774e-02
-3.701556473970413208e-02
-5.514160543680191040e-02
-5.891620740294456482e-02
-5.346721410751342773e-02
-3.874569386243820190e-02
-3.397196531295776367e-02
-5.235930159687995911e-02
-2.940308116376399994e-02
-3.964693099260330200e-02
-6.791425496339797974e-02
-5.555141344666481018e-02
-4.498125240206718445e-02
-4.673083126544952393e-02
-4.137083888053894043e-02
-6.212323158979415894e-02
-3.786449134349822998e-02
-4.284748435020446777e-02
-5.008125305175781250e-02
-4.343433678150177002e-02
-4.085130989551544189e-02
-5.644743889570236206e-02
-2.934960089623928070e-02
-3.873170167207717896e-02
-6.128278374671936035e-02
-3.561409935355186462e-02
-5.250170826911926270e-02
-4.957240819931030273e-02
-6.068216636776924133e-02
-5.086448416113853455e-02
-4.668398573994636536e-02
-3.783900663256645203e-02
-3.803936019539833069e-02
-6.901868432760238647e-02
-3.724876046180725098e-02
-3.798780962824821472e-02
-3.793850541114807129e-02
-4.162815958261489868e-02
-4.102514311671257019e-02
-5.198377370834350586e-02
-6.080017238855361938e-02
-2.663594670593738556e-02
-4.917377233505249023e-02
-2.095599845051765442e-02
-2.050317078828811646e-02
-4.347092658281326294e-02
-4.027496278285980225e-02
-4.630742222070693970e-02
-3.244230896234512329e-02
-1.373856328427791595e-02
-3.975942358374595642e-02
-6.650202721357345581e-02
-5.647192150354385376e-02
-2.570836059749126434e-02
-4.984899982810020447e-02
-4.413959011435508728e-02
-6.169349327683448792e-02
-6.418114155530929565e-02
-3.833745047450065613e-02
-6.173000857234001160e-02
-3.810827061533927917e-02
-3.967697173357009888e-02
-3.469605371356010437e-02
-2.690729312598705292e-02
-2.450978010892868042e-02
-2.442584000527858734e-02
-4.116489365696907043e-02
-1.759088784456253052e-02
-6.049656495451927185e-02
-2.154878713190555573e-02
-4.232493788003921509e-02
-1.764256693422794342e-02
-1.898625493049621582e-02
-2.885919250547885895e-02
-2.060638926923274994e-02
-8.202884346246719360e-02
-5.463934689760208130e-02
-2.697397023439407349e-02
-4.309946671128273010e-02
-5.761849135160446167e-02
-5.869563668966293335e-02
-3.129739314317703247e-02
-3.996476903557777405e-02
-2.221084199845790863e-02
-1.257021073251962662e-02
-4.093566164374351501e-02
-2.113759145140647888e-02
-1.290072780102491379e-02
-3.705030679702758789e-02
-2.848725020885467529e-02
-7.849974930286407471e-02
-2.534232474863529205e-02
-5.518936365842819214e-02
-6.122254207730293274e-02
-4.287537187337875366e-02
-1.117340009659528732e-02
-1.107741892337799072e-02
-5.034728348255157471e-02
-4.388936236500740051e-02
-2.041811682283878326e-02
-3.335127979516983032e-02
-3.372798115015029907e-02
-6.599019467830657959e-02
-2.189379371702671051e-02
-4.147591441869735718e-02
-5.513879656791687012e-02
-3.221937268972396851e-02
-1.216106023639440536e-02
-5.147958919405937195e-02
-5.344586446881294250e-02
-3.340224921703338623e-02
-2.845841832458972931e-02
-1.043160073459148407e-02
-4.257477819919586182e-02
-3.170797228813171387e-02
-3.062353655695915222e-02
-2.976154908537864685e-02
-1.891684159636497498e-02
-5.085069686174392700e-02
-3.665114194154739380e-02
-1.594236865639686584e-02
-3.598972037434577942e-02
-3.062564693391323090e-02
-3.431776538491249084e-02
-5.481460317969322205e-02
-5.368897318840026855e-02
-2.373834513127803802e-02
-4.310038685798645020e-02
-3.811874985694885254e-02
-3.284253552556037903e-02
-2.640088088810443878e-02
-1.425583753734827042e-02
-3.953225538134574890e-02
-7.856228947639465332e-02
-2.087705396115779877e-02
-4.080319032073020935e-02
-3.593468293547630310e-02
-1.995312236249446869e-02
-3.488329797983169556e-02
-5.388268455862998962e-02
-1.834063045680522919e-02
-2.003025077283382416e-02
-2.351813763380050659e-02
-2.272737957537174225e-02
-3.600478917360305786e-02
-3.180336952209472656e-02
-1.749021001160144806e-02
-3.468941152095794678e-02
-1.708156242966651917e-02
-2.920613065361976624e-02
-3.111438453197479248e-02
-3.551348298788070679e-02
-2.957274764776229858e-02
-3.484459593892097473e-02
-2.567242085933685303e-02
-3.193994984030723572e-02
-1.563573628664016724e-02
-2.509882673621177673e-02
-2.742336131632328033e-02
-2.347707375884056091e-02
-2.199831604957580566e-02
-2.185315266251564026e-02
-2.231462113559246063e-02
-2.769214101135730743e-02
-3.945584967732429504e-02
-1.930621638894081116e-02
-3.568321838974952698e-02
-4.199243709444999695e-02
-2.447777800261974335e-02
-2.282456308603286743e-02
-2.991140075027942657e-02
-1.834742538630962372e-02
-2.016889490187168121e-02
-1.521298289299011230e-02
-2.361115626990795135e-02
-4.357565566897392273e-02
-1.686164736747741699e-02
-1.513480674475431442e-02
-1.986886188387870789e-02
-2.777585387229919434e-02
-2.525132149457931519e-02
-2.450561150908470154e-02
-3.573094680905342102e-02
-3.509097918868064880e-02
-1.335497479885816574e-02
-3.116436116397380829e-02
-2.579639665782451630e-02
-2.808616124093532562e-02
-2.757378667593002319e-02
-1.679028198122978210e-02
-2.133437059819698334e-02
-1.391514949500560760e-02
-1.798068732023239136e-02
-3.423311188817024231e-02
-1.541157905012369156e-02
-1.615704037249088287e-02
-2.689818292856216431e-02
-3.481617569923400879e-02
-2.313382923603057861e-02
-2.345745265483856201e-02
-2.533890493214130402e-02
-2.061051130294799805e-02
-2.566514909267425537e-02
-2.493078261613845825e-02
-2.500051259994506836e-02
-2.631609141826629639e-02
-2.169827371835708618e-02
-1.991452649235725403e-02
-2.101804129779338837e-02
-1.485649868845939636e-02
-2.848451212048530579e-02
-1.092973537743091583e-02
-2.362768538296222687e-02
-1.634748652577400208e-02
-1.978651992976665497e-02
-2.114658243954181671e-02
-2.722956426441669464e-02
-2.688456140458583832e-02
-2.516401931643486023e-02
-2.963068336248397827e-02
-2.185713872313499451e-02
-2.551069855690002441e-02
-2.185216732323169708e-02
-2.042251080274581909e-02
-1.571896299719810486e-02
-1.576195657253265381e-02
-1.992324367165565491e-02
-1.450615469366312027e-02
-1.800101250410079956e-02
-1.910294592380523682e-02
-2.243472449481487274e-02
-1.332633383572101593e-02
-1.396065205335617065e-02
-1.620973274111747742e-02
-1.786734163761138916e-02
-1.883179880678653717e-02
-1.292958576232194901e-02
-1.287972927093505859e-02
-2.403141185641288757e-02
-1.665715314447879791e-02
-2.371373027563095093e-02
-1.669763773679733276e-02
-2.211387827992439270e-02
-9.097378700971603394e-03
-1.720278523862361908e-02
-1.815848611295223236e-02
-1.666833274066448212e-02
-1.778568886220455170e-02
-2.195543050765991211e-02
-1.716444455087184906e-02
-8.497571572661399841e-03
-1.632283069193363190e-02
-1.322737988084554672e-02
-1.288346014916896820e-02
-1.451618690043687820e-02
-2.090791054069995880e-02
-1.562546752393245697e-02
-1.052165310829877853e-02
-1.021925173699855804e-02
-1.052125543355941772e-02
-1.349003519862890244e-02
-1.675106771290302277e-02
-9.104028344154357910e-03
-1.020415127277374268e-02
-1.013313606381416321e-02
-1.968038082122802734e-02
-2.312120608985424042e-02
-7.203671615570783615e-03
-9.269706904888153076e-03
-1.451101899147033691e-02
-8.991440758109092712e-03
-5.041032563894987106e-03
-1.191263832151889801e-02
-5.482065491378307343e-03
-1.824763044714927673e-02
-1.172597985714673996e-02
-6.437475793063640594e-03
-1.171711459755897522e-02
-1.392550021409988403e-02
-1.466839946806430817e-02
-9.427858516573905945e-03
-1.421577017754316330e-02
-8.195298723876476288e-03
-1.425519865006208420e-02
-1.074994169175624847e-02
-1.691067963838577271e-02
-1.203020103275775909e-02
-3.174356650561094284e-03
-1.228096336126327515e-02
-8.564352057874202728e-03
-1.210859231650829315e-02
-1.581326499581336975e-02
-7.857623510062694550e-03
-1.315544359385967255e-02
-9.327551349997520447e-03
-1.172421500086784363e-02
-1.170091331005096436e-02
-7.216050289571285248e-03
-1.186650805175304413e-02
-1.072086486965417862e-02
-6.229151040315628052e-03
-8.125016465783119202e-03
-3.603684250265359879e-03
-1.304287463426589966e-02
-7.553736213594675064e-03
-1.405897736549377441e-02
-6.027433555573225021e-03
-1.231413800269365311e-02
-1.020674128085374832e-02
-9.514933452010154724e-03
-8.835219778120517731e-03
-1.106417924165725708e-02
-6.759200710803270340e-03
-9.661945514380931854e-03
-1.045131217688322067e-02
-5.600771866738796234e-03
-8.194144815206527710e-03
-7.962587289512157440e-03
-6.445146165788173676e-03
-7.922017946839332581e-03
-9.420773945748806000e-03
-1.150804758071899414e-02
-9.133270941674709320e-03
-6.926646921783685684e-03
-8.902510628104209900e-03
-1.148641947656869888e-02
-9.333770722150802612e-03
-7.012570742517709732e-03
-9.334417060017585754e-03
-9.023709222674369812e-03
-1.020036172121763229e-02
-9.910824708640575409e-03
-8.961872197687625885e-03
-1.043887902051210403e-02
-1.003547850996255875e-02
-1.168777793645858765e-02
-7.977723143994808197e-03
-8.914133533835411072e-03
-9.729658253490924835e-03
-1.003039069473743439e-02
-9.417964145541191101e-03
-6.883812602609395981e-03
-1.041668746620416641e-02
-9.759507142007350922e-03
-8.894992060959339142e-03
-6.555050611495971680e-03
-8.164416067302227020e-03
-3.440948436036705971e-03
-5.193667951971292496e-03
-1.039201021194458008e-02
-5.126183386892080307e-03
-8.341311477124691010e-03
-6.515914574265480042e-03
-1.083975099027156830e-02
-6.534054875373840332e-03
-8.048253133893013000e-03
-8.253809995949268341e-03
-6.262886337935924530e-03
-7.872355170547962189e-03
-5.728275515139102936e-03
-9.705740958452224731e-03
-1.024980749934911728e-02
-8.081978186964988708e-03
-5.722643807530403137e-03
-9.498487226665019989e-03
-9.603465907275676727e-03
-6.105614360421895981e-03
-7.499975617974996567e-03
-6.442548707127571106e-03
-5.551227368414402008e-03
-8.207225240767002106e-03
-8.631831035017967224e-03
-6.527673453092575073e-03
-8.051850832998752594e-03
-8.737945929169654846e-03
-8.507366292178630829e-03
-5.672796629369258881e-03
-1.057826355099678040e-02
-1.049570180475711823e-02
-6.197392009198665619e-03
-9.834468364715576172e-03
-1.177407056093215942e-02
-5.169738549739122391e-03
-1.060695853084325790e-02
-8.075071498751640320e-03
-9.014093317091464996e-03
-8.597182109951972961e-03
-8.754979819059371948e-03
-1.027563586831092834e-02
-1.022204104810953140e-02
-6.102024577558040619e-03
-8.450627326965332031e-03
-8.456320501863956451e-03
-1.061117742210626602e-02
-8.601590059697628021e-03
-8.746464736759662628e-03
-1.058944314718246460e-02
-1.016015000641345978e-02
-8.490053005516529083e-03
-9.310020133852958679e-03
-8.778796531260013580e-03
-1.214985083788633347e-02
-1.093534100800752640e-02
-1.095564104616641998e-02
-1.138408202677965164e-02
-7.499062456190586090e-03
-1.101885363459587097e-02
-1.096502039581537247e-02
-9.457389824092388153e-03
-1.191471982747316360e-02
-1.060347538441419601e-02
-1.041622273623943329e-02
-8.084771223366260529e-03
-1.025792956352233887e-02
-1.196197047829627991e-02
-7.067896891385316849e-03
-9.697667323052883148e-03
-1.035641320049762726e-02
-1.125915441662073135e-02
-8.716223761439323425e-03
-1.347325276583433151e-02
-1.063304487615823746e-02
-1.271905750036239624e-02
-1.246130932122468948e-02
-1.373409386724233627e-02
-1.308301836252212524e-02
-1.337018236517906189e-02
-1.373223401606082916e-02
-1.309829484671354294e-02
-1.308031287044286728e-02
-1.544805616140365601e-02
-1.257155183702707291e-02
-1.215282455086708069e-02
-1.426762342453002930e-02
-1.463872194290161133e-02
-1.474957074970006943e-02
-1.210196968168020248e-02
-1.193898264318704605e-02
-1.328671909868717194e-02
-1.485591102391481400e-02
-1.639041490852832794e-02
-1.345322746783494949e-02
-1.376315485686063766e-02
-1.076561864465475082e-02
-1.053824275732040405e-02
-1.592713408172130585e-02
-1.261636521667242050e-02
-1.753762736916542053e-02
-1.450714189559221268e-02
-1.066990382969379425e-02
-1.673382520675659180e-02
-1.419101096689701080e-02
-1.120666228234767914e-02
-1.656218059360980988e-02
-1.748762652277946472e-02
-1.417445670813322067e-02
-1.324451621621847153e-02
-1.748769730329513550e-02
-1.901774667203426361e-02
-1.780371181666851044e-02
-1.518068090081214905e-02
-1.623363606631755829e-02
-1.892003603279590607e-02
-1.477431971579790115e-02
-1.956457458436489105e-02
-1.550321839749813080e-02
-1.649110578000545502e-02
-1.969163678586483002e-02
-1.666840352118015289e-02
-1.552635058760643005e-02
-2.052592672407627106e-02
-1.762347109615802765e-02
-1.569457724690437317e-02
-1.394777093082666397e-02
-2.098263800144195557e-02
-2.140437997877597809e-02
-1.987811364233493805e-02
-1.802731491625308990e-02
-2.177988737821578979e-02
-2.219501696527004242e-02
-2.380570024251937866e-02
-2.158449590206146240e-02
-2.262826077640056610e-02
-1.640980504453182220e-02
-2.106304466724395752e-02
-2.414401248097419739e-02
-2.265900559723377228e-02
-2.117993868887424469e-02
-2.320639230310916901e-02
-4.243908915668725967e-03
-1.324063725769519806e-02
-4.584872629493474960e-03
-2.593699395656585693e-01
-3.760906169191002846e-03
-5.020953714847564697e-03
-5.028011742979288101e-03
-5.010803230106830597e-03
-5.017223302274942398e-03
