5.355100256565492600e-06
5.125218649482121691e-06
4.799465386895462871e-06
5.562142177950590849e-06
7.632635060872416943e-06
7.780258783895988017e-06
7.075784196786116809e-06
7.045477104838937521e-06
6.655459856119705364e-06
7.882147656346205622e-06
6.970847607590258121e-06
6.898934316268423572e-06
7.263244697242043912e-06
7.297744105017045513e-06
7.238083071570144966e-06
9.846783541433978826e-06
6.816682343924185261e-06
6.804438726248918101e-06
8.791698746790643781e-06
1.034237175190355629e-05
1.346614317299099639e-05
7.442300557158887386e-06
6.943055723240831867e-06
8.786587386566679925e-06
6.624750312766991556e-06
7.195180842245463282e-06
7.295612249436089769e-06
8.118598088913131505e-06
7.122058832464972511e-06
6.345754627545829862e-06
7.403458766930270940e-06
7.917398761492222548e-06
8.534849257557652891e-06
8.439355042355600744e-06
8.230074854509439319e-06
8.192320819944143295e-06
7.226533853099681437e-06
7.965405529830604792e-06
8.776526556175667793e-06
8.309032637043856084e-06
8.369840543309692293e-06
1.039603193930815905e-05
7.808456757629755884e-06
7.506907877541380003e-06
8.292918209917843342e-06
8.414246622123755515e-06
9.540575774735771120e-06
9.097458132600877434e-06
1.426480866939527914e-05
1.043768043018644676e-05
1.147591228800592944e-05
1.145839087257627398e-05
1.049442198564065620e-05
9.667654921940993518e-06
9.044448233908042312e-06
9.868450433714315295e-06
1.134797821578104049e-05
8.183614227164071053e-06
1.175673969555646181e-05
9.111614417633973062e-06
8.360656465811189264e-06
1.250712830369593576e-05
8.239939234044868499e-06
9.953088920156005770e-06
9.914496331475675106e-06
8.349165909748990089e-06
1.097445147024700418e-05
1.011781023407820612e-05
8.196217095246538520e-06
1.126441202359274030e-05
1.081777827494079247e-05
9.597381904313806444e-06
7.321173598029417917e-06
9.626922292227391154e-06
9.777308150660246611e-06
8.242697731475345790e-06
1.288315070269163698e-05
7.912261935416609049e-06
9.204100933857262135e-06
9.580603546055499464e-06
1.201144004880916327e-05
9.057712304638698697e-06
1.188253554573748261e-05
1.026689733407692984e-05
1.196043467643903568e-05
1.209563743032049388e-05
1.221508591697784141e-05
1.158499799203127623e-05
8.833662832330446690e-06
9.543387022858951241e-06
1.113416510634124279e-05
1.213288942381041124e-05
9.835785931500140578e-06
1.191702176583930850e-05
1.019984028971521184e-05
1.031112242344534025e-05
8.158035598171409220e-06
1.049257025442784652e-05
1.361832255497574806e-05
9.736892934597562999e-06
9.427174518350511789e-06
1.018248804030008614e-05
1.340511153102852404e-05
8.352180884685367346e-06
8.134618838084861636e-06
9.344266800326295197e-06
1.178082493424881250e-05
8.981583960121497512e-06
9.477014828007668257e-06
8.137027180055156350e-06
1.080577931134030223e-05
1.021609568851999938e-05
9.922739991452544928e-06
8.227839316532481462e-06
1.388397686241660267e-05
1.033566604746738449e-05
8.952872121881227940e-06
7.974918844411149621e-06
1.347527722828090191e-05
9.398630027135368437e-06
7.725981959083583206e-06
1.499571317253867164e-05
9.275363481719978154e-06
9.334550668427255005e-06
9.666120604379102588e-06
1.138802508648950607e-05
1.150748084910446778e-05
8.842712304613087326e-06
1.081047048501204699e-05
9.378808499604929239e-06
8.022301699384115636e-06
9.577367563906591386e-06
1.504196552559733391e-05
8.682000043336302042e-06
1.287844861508347094e-05
9.578508070262614638e-06
8.317798346979543567e-06
1.245597559318412095e-05
1.089502438844647259e-05
8.697226803633384407e-06
1.245251405634917319e-05
9.927461178449448198e-06
1.217072804138297215e-05
8.943422471929807216e-06
1.073300427378853783e-05
1.276790862902998924e-05
8.701616025064140558e-06
1.225662617798661813e-05
9.650236279412638396e-06
9.924691767082549632e-06
1.020590207190252841e-05
1.045826047629816458e-05
1.714249083306640387e-05
1.240393976331688464e-05
8.211434760596603155e-06
1.130174769059522077e-05
8.503170647600200027e-06
7.932901098683942109e-06
1.432525186828570440e-05
9.051694178197067231e-06
8.949784387368708849e-06
1.108247579395538196e-05
1.214424719364615157e-05
1.105037608795100823e-05
1.009879906632704660e-05
9.700479495222680271e-06
1.138234983955044299e-05
1.376078034809324890e-05
7.564437964902026579e-06
9.236999176209792495e-06
9.136510016105603427e-06
8.901100954972207546e-06
1.461738975194748491e-05
1.149919899035012349e-05
1.264659476873930544e-05
1.087328928406350315e-05
1.765460001479368657e-05
4.259595647454261780e-03
8.758511285122949630e-06
9.085310921363998204e-06
8.351415999641176313e-06
1.063601757778087631e-05
2.574650170572567731e-05
1.418252708390355110e-03
1.235231775353895500e-05
1.083316783478949219e-05
9.146072443400043994e-06
8.399490070587489754e-06
9.901106750476174057e-06
1.039664948621066287e-05
9.346951628685928881e-06
1.679764682194218040e-05
8.467276529700029641e-06
1.373556096950778738e-05
1.724163303151726723e-05
1.347203397017437965e-05
8.459815035166684538e-06
1.631144186831079423e-05
1.033296848618192598e-05
1.193526077258866280e-05
1.349858303001383319e-05
8.188647370843682438e-06
8.176324627129361033e-06
7.526085482822963968e-06
9.023872735269833356e-06
8.220817107940092683e-06
1.315411736868554726e-05
9.025711733556818217e-06
1.363171304546995088e-05
1.188403530250070617e-05
8.647557478980161250e-06
1.050913215294713154e-05
9.297267752117477357e-06
8.628260729892645031e-06
1.317748683504760265e-05
1.002490353130269796e-05
1.186887220683274791e-05
9.506756214250344783e-06
1.591491491126362234e-05
7.738231033727061003e-06
9.793332537810783833e-06
9.555484211887232959e-06
9.526987014396581799e-06
2.039609942585229874e-03
8.492973393003921956e-06
1.005403100862167776e-05
1.334110675088595599e-05
1.174764020106522366e-05
8.567992153984960169e-06
1.032728232530644163e-05
1.038027130562113598e-05
1.017161503114039078e-05
1.064722982846433297e-05
1.032308864523656666e-05
1.345405689789913595e-05
1.463931985199451447e-03
1.195262666442431509e-05
9.507426511845551431e-06
8.153231647156644613e-06
1.345054170087678358e-05
7.788512448314577341e-06
8.816785339149646461e-06
9.885860890790354460e-06
7.722650479990988970e-06
1.138516927312593907e-05
1.091601188818458468e-05
1.004755085887154564e-05
8.833098945615347475e-06
1.121555214922409505e-05
9.070187843462917954e-06
6.919467821717262268e-03
4.190363455563783646e-03
1.300006715609924868e-05
9.736211723065935075e-06
9.426357792108319700e-06
9.750526260177139193e-06
1.231612350238719955e-05
7.177264251367887482e-06
8.568221346649806947e-06
1.092610273190075532e-05
7.719088898738846183e-06
7.495855243178084493e-06
1.560850796522572637e-05
6.536821274494286627e-06
8.654777957417536527e-06
8.915982107282616198e-06
8.775577043707016855e-06
9.693697393231559545e-06
7.125121555873192847e-06
9.680602488515432924e-06
7.764160727674607188e-06
8.215482012019492686e-06
8.837221685098484159e-06
8.684517524670809507e-06
9.647422302805352956e-06
1.059579153661616147e-05
2.230509380751755089e-05
9.526120265945792198e-06
5.914566372666740790e-06
9.066860911843832582e-06
2.340226201340556145e-03
8.807204721961170435e-06
9.220248102792538702e-06
9.837733159656636417e-06
1.228666405950207263e-05
9.821273124543949962e-06
1.023784443532349542e-05
9.878138371277600527e-06
1.046751458488870412e-05
1.081269692804198712e-05
1.556806455482728779e-05
9.524271263217087835e-06
9.216685612045694143e-06
1.039172457240056247e-05
8.632793651486281306e-06
1.502833492850186303e-05
1.016748319671023637e-05
1.545735722174867988e-05
1.044492182700196281e-05
1.209721904160687700e-05
6.324729383777594194e-06
7.350897249125409871e-06
8.662694199301768094e-06
8.261859875346999615e-06
1.242847883986542001e-05
1.001078089757356793e-05
8.714015166333410889e-06
1.186179815704235807e-05
8.815951332508120686e-06
9.655389476392883807e-06
7.274186827999074012e-06
6.909153398737544194e-06
7.624163572472753003e-06
1.016269925457891077e-05
1.062711908161872998e-05
1.174593398900469765e-05
1.042878557200310752e-05
9.096051144297234714e-06
9.405344826518557966e-06
9.197146937367506325e-06
8.116900971799623221e-06
9.319139280705712736e-06
8.498440365656279027e-06
7.625952548551140353e-06
1.509259982412913814e-05
1.184766180813312531e-03
7.819763595762196928e-06
7.881088095018640161e-06
1.036602407111786306e-05
1.175491524918470532e-05
1.041016003000549972e-05
1.190027433040086180e-05
1.462489854020532221e-05
5.451479926705360413e-03
9.328505257144570351e-06
1.058911311702104285e-05
8.335759048350155354e-06
1.467637594032566994e-05
1.255036204383941367e-05
2.421905053779482841e-03
7.467227078450378031e-06
8.909425559977535158e-06
1.181152583740185946e-05
9.472069905314128846e-06
7.594844191771699116e-06
9.384390978084411472e-06
8.975845958048012108e-06
1.511172740720212460e-05
2.096215495839715004e-03
7.622068551427219063e-06
1.006902675726450980e-05
9.929474799719173461e-06
1.023804634314728901e-05
9.492583558312617242e-06
1.005011017696233466e-05
1.031193733069812879e-05
1.008843537420034409e-05
6.391710940079065040e-06
8.109046575555112213e-06
7.497950264223618433e-06
1.937058004841674119e-05
9.056864655576646328e-06
8.736941708775702864e-06
7.307568921532947570e-06
9.186255738313775510e-06
9.819363185670226812e-06
6.747961833752924576e-06
8.149783752742223442e-06
7.782009561196900904e-06
2.036916092038154602e-02
8.374389835807960480e-06
7.258311597979627550e-06
9.890412911772727966e-06
8.266257282230071723e-06
1.031119336403207853e-05
1.839001743064727634e-05
8.845300726534333080e-06
7.351305157499155030e-06
1.442431312170810997e-05
1.315179815719602630e-05
1.410171444149455056e-05
9.171308192890137434e-06
1.388340933772269636e-05
3.895772621035575867e-02
4.200056195259094238e-02
4.158448427915573120e-02
3.072273358702659607e-02
3.931203484535217285e-02
4.603008180856704712e-02
4.978076368570327759e-02
4.899920895695686340e-02
5.708004906773567200e-02
5.441551655530929565e-02
7.192982733249664307e-02
1.058173924684524536e-01
1.232880800962448120e-01
9.161107242107391357e-02
8.630771189928054810e-02
9.845677763223648071e-02
1.197869479656219482e-01
1.393035203218460083e-01
1.294596791267395020e-01
1.134428083896636963e-01
9.399849176406860352e-02
8.217042684555053711e-02
7.139509171247482300e-02
5.910618230700492859e-02
5.571004375815391541e-02
4.185204580426216125e-02
4.035505652427673340e-02
1.108043579733930528e-05
2.878290228545665741e-02
1.355182121187681332e-05
1.951985905179753900e-05
1.912457082653418183e-05
1.110300945583730936e-05
3.041412495076656342e-02
9.854888048721477389e-06
2.649738453328609467e-02
1.245655701495707035e-03
1.414276903233258054e-05
7.828383786545600742e-06
1.319461262028198689e-05
7.381723207799950615e-06
2.021953463554382324e-03
7.423671377182472497e-06
1.094751041819108650e-05
8.255268767243251204e-06
9.583019163983408362e-06
7.060531061142683029e-06
8.436971256742253900e-06
5.874707767361542210e-06
9.149590368906501681e-06
6.026396476954687387e-06
9.619483535061590374e-06
7.486742106266319752e-06
6.726869742124108598e-06
6.239922186068724841e-06
7.916274626040831208e-06
9.144106115854810923e-06
9.272773240809328854e-06
7.355361049121711403e-06
8.600011824455577880e-06
5.642348696710541844e-06
9.362343007524032146e-06
1.015708585327956825e-05
1.892184263851959258e-05
2.507889829576015472e-02
7.267651653819484636e-06
1.063082891050726175e-05
9.295311429013963789e-06
8.073679055087268353e-06
6.650719569734064862e-06
5.998252163408324122e-06
9.387494174006860703e-06
6.174357622512616217e-06
8.334338417625986040e-06
6.512435902550350875e-06
8.218912626034580171e-06
6.281609330471837893e-06
9.377047717862296849e-06
5.328873157850466669e-06
7.163917416619369760e-06
6.092409421398770064e-06
5.887221050215885043e-06
5.714730832551140338e-06
7.205723250081064180e-06
5.824067557114176452e-06
5.614036126644350588e-06
8.027765034057665616e-06
6.192182809172663838e-06
5.810693892271956429e-06
6.403940915333805606e-06
5.617743681796127930e-06
9.389653314428869635e-06
7.056737558741588145e-06
5.668311587214702740e-06
6.325290542008588091e-06
6.022810794092947617e-06
7.879715667513664812e-06
8.021617759368382394e-06
5.908937964704819024e-06
7.902671313786413521e-06
9.274252079194411635e-06
8.791902473603840917e-06
5.893380603083642200e-06
5.267665983410552144e-06
5.166099072084762156e-06
5.453646735986694694e-06
7.740744877082761377e-06
6.283341463131364435e-06
9.052057976077776402e-06
1.968912314623594284e-03
5.796393907075980678e-06
6.282931281020864844e-06
7.615965841978322715e-06
5.588140084000770003e-06
5.227468591328943148e-06
4.861240995523985475e-06
6.190549356688279659e-06
6.059227416699286550e-06
4.727745817945105955e-06
6.128810582595178857e-06
6.278893124544993043e-06
1.052739389706403017e-05
7.597085186716867611e-06
5.857243195350747555e-06
6.012160156387835741e-06
5.403155228123068810e-06
6.374310942192096263e-06
7.305764484044630080e-06
7.221839950943831354e-06
7.589845608890755102e-06
5.423308721219655126e-06
6.458293682953808457e-06
6.038450464984634891e-06
5.238297035248251632e-06
9.845482964010443538e-06
9.262129897251725197e-04
6.621846750931581482e-06
8.588932359998580068e-06
5.274102477414999157e-06
5.546947704715421423e-06
5.390358637669123709e-06
5.913047516514780000e-06
6.604554528166772798e-06
6.050130650692153722e-06
5.673601208400214091e-06
5.281296125758672133e-06
5.930344286753097549e-06
5.413177404989255592e-06
5.655784207192482427e-06
9.664343451731838286e-06
5.356209385354304686e-06
5.996002073516137898e-06
6.051606305845780298e-06
5.570934263232629746e-06
4.880344931734725833e-06
6.099267466197488829e-06
5.347242222342174500e-06
5.223889729677466676e-06
5.761157353845192119e-06
8.120857273752335459e-06
5.123715709487441927e-06
5.941973995504667982e-06
5.092552328278543428e-06
5.507951755134854466e-06
5.272889211482834071e-06
6.310254320851527154e-06
5.542293365579098463e-06
5.416274689196143299e-06
6.812715128035051748e-06
5.005274033464957029e-06
5.936316938459640369e-06
5.227321253187255934e-06
4.596417056745849550e-06
5.534523097594501451e-06
5.648038040817482397e-06
5.500412044057156891e-06
5.243339728622231632e-06
5.602834789897315204e-06
4.848168373428052291e-06
6.096701781643787399e-06
5.002173111279262230e-06
6.782657237636158243e-06
6.040674634277820587e-06
4.473730768950190395e-06
6.215847861312795430e-06
4.955435997544554994e-06
6.918331109773134813e-06
5.998956112307496369e-06
5.136346771905664355e-06
4.698575594375142828e-06
5.343334123608656228e-06
6.140654932096367702e-06
7.631983862665947527e-06
6.483113338617840782e-06
4.262274615030037239e-06
5.365341621654806659e-06
5.496224275702843443e-06
5.480039817484794185e-06
4.844931481784442440e-06
5.255003998172469437e-06
4.792111667484277859e-06
5.276663614495191723e-06
4.789575996255734935e-06
5.442821020551491529e-06
4.942798568663420156e-06
4.863985850533936173e-06
5.611372216662857682e-06
6.863742783025372773e-06
9.701555427454877645e-06
5.038615199737250805e-06
6.220850991667248309e-06
4.004800302936928347e-06
5.611047981801675633e-06
6.113677045505028218e-06
5.576313469646265730e-06
6.938635578990215436e-06
6.104810381657443941e-06
5.585114195127971470e-06
5.763362878496991470e-06
5.004378635931061581e-06
5.267037067824276164e-06
4.944451575283892453e-06
4.387607532407855615e-06
4.854688086197711527e-06
5.412563496065558866e-06
4.873405032412847504e-06
5.376217359298607334e-06
6.494790341093903407e-06
4.769795850734226406e-06
9.348913408757653087e-06
8.175074981409125030e-06
5.637678441416937858e-06
5.351285381038906053e-06
4.718385753221809864e-06
5.133366357767954469e-06
4.811242433788720518e-06
3.888294941134518012e-06
4.388757133710896596e-06
6.587914867850486189e-06
6.582356945727951825e-06
4.922484549751970917e-06
5.403329851105809212e-06
5.284694452711846679e-06
5.353925189410801977e-06
5.936421985097695142e-06
4.363831521914107725e-06
4.982896825822535902e-06
6.239200956770218909e-06
4.488073500397149473e-06
5.010168479202548042e-06
8.126105058181565255e-06
5.733949819841654971e-06
3.851564088108716533e-06
4.442846602614736184e-06
4.333020115154795349e-06
6.726390893163625151e-06
4.730130967800505459e-06
5.199344286666018888e-06
6.311123797786422074e-06
4.508936854108469561e-06
5.334698471415322274e-06
4.287595857022097334e-06
4.125651685171760619e-06
5.799588052468607202e-06
4.376037395559251308e-06
5.956300810794346035e-06
4.455268026504199952e-06
4.269144938007229939e-06
4.267234999133506790e-06
9.420217793376650661e-06
6.503408076241612434e-04
4.441026703716488555e-06
4.261163212504470721e-06
4.919057573715690523e-06
5.245477495918748900e-06
4.688365606853039935e-06
5.422798039944609627e-06
5.447585408546729013e-06
4.596704457071609795e-06
4.583349436870776117e-06
4.980076028004987165e-06
4.757051101478282362e-06
4.527043074631365016e-06
5.486514510266715661e-06
5.190131105337059125e-06
5.286833129503065720e-06
4.759986495628254488e-06
4.412713224155595526e-06
3.796140163103700615e-06
5.321432581695262343e-06
4.609921688825124875e-06
5.356219389796024188e-06
4.852678102906793356e-06
5.399779638537438586e-06
4.238702331349486485e-06
4.967502263752976432e-06
4.552501650323392823e-06
3.973470938944956288e-06
4.454882400750648230e-06
4.922123025608016178e-06
3.984865088568767533e-06
4.835243544221157208e-06
4.143174464843468741e-06
4.109279871045146137e-06
4.990983597963349894e-06
4.708957021648529917e-06
4.044603429065318778e-06
3.980602741648908705e-06
4.322384484112262726e-06
5.049902938480954617e-06
3.765668452615500428e-06
5.199018687562784180e-06
4.144757895119255409e-06
4.392216851556440815e-06
4.829925273952540010e-06
4.470224212127504870e-06
5.259395038592629135e-06
5.231080194789683446e-06
4.221481503918766975e-06
5.142116151546360925e-06
4.917606474919011816e-06
4.606857601174851879e-06
3.972623744630254805e-06
3.884227226080838591e-06
4.042180535179795697e-06
4.053017164551420137e-06
3.766679355976521038e-06
5.512727511813864112e-06
4.646379238693043590e-06
4.098395493201678619e-06
4.593399353325366974e-06
4.559038188745034859e-06
4.485828867473173887e-06
4.772226020577363670e-06
4.372697276266990229e-06
4.699090823123697191e-06
3.939698217436671257e-06
4.740506938105681911e-06
4.285117483959766105e-06
4.293135589250596240e-06
3.543566890584770590e-06
3.794385747823980637e-06
3.752946213353425264e-06
4.109552264708327129e-06
4.540568170341430232e-06
3.923853455489734188e-06
4.961105787515407428e-06
3.859647677018074319e-06
4.005948994745267555e-06
4.792147592524997890e-06
4.140301825827918947e-06
3.848436335829319432e-06
4.073012405569897965e-06
3.936827397410525009e-06
5.506816705747041851e-06
5.266065272735431790e-06
4.650109531212365255e-06
4.453006113180890679e-06
3.753872078959830105e-06
4.339898623584304005e-06
3.582220415410120040e-06
3.862094672513194382e-06
3.584545083867851645e-06
4.217547939333599061e-06
3.657786464827950113e-06
3.897181613865541294e-06
3.643996933533344418e-06
4.096205884707160294e-06
5.095273081678897142e-06
4.554002771328669041e-06
4.842037469643400982e-06
4.108259417989756912e-06
3.997512521891621873e-06
3.481013436612556688e-06
4.066253950441023335e-06
4.168240593571681529e-06
3.585658532756497152e-06
4.092934887012233958e-06
3.865900907840114087e-06
4.294176051189424470e-06
4.398855708132032305e-06
3.863992333208443597e-06
3.949309757445007563e-06
3.271771902291220613e-06
4.018569597974419594e-06
3.617371703512617387e-06
4.782075393450213596e-06
3.654212378023657948e-06
3.830119112535612658e-06
4.545133378996979445e-06
3.754842055059270933e-06
3.158515028189867735e-06
3.973428192693972960e-06
4.134631126362364739e-06
4.018943855044199154e-06
4.106833785044727847e-06
4.460427135200006887e-06
3.859011485474184155e-06
4.200231160211842507e-06
4.197354883217485622e-06
4.262788479536538944e-06
4.120242465432966128e-06
3.924466000171378255e-06
4.578468633553711697e-06
3.310362671982147731e-06
5.022843652113806456e-06
4.135816652706125751e-06
4.076913683093152940e-06
4.092527888133190572e-06
3.676849701150786132e-06
4.155837814323604107e-06
4.057923433720134199e-06
3.570681656128726900e-06
4.193125732854241505e-06
5.242549377726390958e-06
3.787384684983408079e-06
6.512692834803601727e-06
3.179197619829210453e-06
3.737189445018884726e-06
4.449349034985061735e-06
3.781227405852405354e-06
3.292770770713104866e-06
3.626191755756735802e-06
3.778901145778945647e-06
3.358784397278213874e-06
4.184086719760671258e-06
3.530697767928359099e-06
3.645788410722161643e-06
3.207927420589840040e-06
3.722174824360990897e-06
4.611881649907445535e-06
4.421048743097344413e-06
4.406118023325689137e-06
3.914130047633079812e-06
3.201897243343410082e-06
4.108071607333840802e-06
3.574992206267779693e-06
3.584647402021801099e-06
3.319955112601746805e-06
3.367431872902670875e-06
4.105117568542482331e-06
3.279918701082351618e-06
4.164000074524665251e-06
4.782732048624893650e-06
3.750535142899025232e-06
4.575309048959752545e-06
4.734884441859321669e-06
5.862062607775442302e-06
5.383818006521323696e-06
4.587391231325455010e-06
4.378849098429782316e-06
3.521741518852650188e-06
4.143731075600953773e-06
3.877450581057928503e-06
3.588851086533395573e-06
4.141576027905102819e-06
4.327052010921761394e-06
3.654694864962948486e-06
4.476845788303762674e-06
3.610267640397069044e-06
3.738829036592505872e-06
4.469596660783281550e-06
3.592348775782738812e-06
3.514342097332701087e-06
3.112055765086552128e-06
3.544145556588773616e-06
3.400465402592089958e-06
3.705796643771464005e-06
3.100653884757775813e-06
3.748318249563453719e-06
4.116955096833407879e-06
4.324316250858828425e-06
3.726831891981419176e-06
4.232156697980826721e-06
3.250214604122447781e-06
3.956386535719502717e-06
3.087425284320488572e-06
3.663467396108899266e-06
3.788548156080651097e-06
3.637569307102239691e-06
3.283733349235262722e-06
4.019972948299255222e-06
3.587909986890736036e-06
3.245765583415050060e-06
3.626262014222447760e-06
3.474303866823902354e-06
3.282131729065440595e-06
3.845026185445021838e-06
3.453291128607816063e-06
3.636182100308360532e-06
4.933398940920596942e-06
3.787226887652650476e-06
3.153178568027215078e-06
3.795068096223985776e-06
3.255686806369340047e-06
3.853092493955045938e-06
3.554119302862090990e-06
3.636396058936952613e-06
3.335173005325486884e-06
3.369695377841708250e-06
3.899727289535803720e-06
3.591197128116618842e-06
3.708350959641393274e-06
3.368948000570526347e-06
3.335494966449914500e-06
3.519301799315144308e-06
3.994966391474008560e-06
3.121532927252701484e-06
3.552096586645347998e-06
3.970333636971190572e-06
3.931882019969634712e-06
3.538209966791328043e-06
3.797833642238401808e-06
3.253360546295880340e-06
3.574642960302298889e-06
3.951759936171583831e-06
3.271885361755266786e-06
3.590512278606183827e-06
3.244918843847699463e-06
3.839622422674437985e-06
3.437798341110465117e-06
3.427359388297190890e-06
4.965564130543498322e-06
3.753431428776821122e-06
4.207073288853280246e-06
4.138447366131003946e-06
3.268744194429018535e-06
3.503854713926557451e-06
3.495094460959080607e-06
3.221543238396407105e-06
3.474818640825105831e-06
3.213819582015275955e-06
3.124906470475252718e-06
3.653864723673905246e-06
3.339287786729983054e-06
3.166095211781794205e-06
3.121672307315748185e-06
3.353856982357683592e-06
3.382785052963299677e-06
3.226865828764857724e-06
3.129743163299281150e-06
3.437723080423893407e-06
3.164143436151789501e-06
3.124840986856725067e-06
3.617559968915884383e-06
3.078600457229185849e-06
3.104928055108757690e-06
3.246297183068236336e-06
3.335647306812461466e-06
3.013242576344055124e-06
3.077907877013785765e-06
3.171400294377235696e-06
3.094203520959126763e-06
3.502516847220249474e-06
3.456761305642430671e-06
3.394349960217368789e-06
3.141795332339825109e-06
3.214156549802282825e-06
3.933306743419962004e-06
3.333574113639770076e-06
3.256379159211064689e-06
3.515550588417681865e-06
3.350256065459689125e-06
3.257224534536362626e-06
3.530617732394603081e-06
3.196893430867930874e-06
3.029806975973770022e-06
3.322863221910665743e-06
3.066793851758120582e-06
3.939498128602281213e-06
3.265625991843990050e-06
2.879474777728319168e-06
2.996938064825371839e-06
3.595145017243339680e-06
3.345692903167218901e-06
3.178293582095648162e-06
3.246129608669434674e-06
3.085094476773520000e-06
3.233113602618686855e-06
3.287105528215761296e-06
3.086787501160870306e-06
3.142470404782216065e-06
3.152110366499982774e-06
3.355833314344636165e-06
3.728215688170166686e-06
3.225690534236491658e-06
3.643626314442371950e-06
3.341152478242293000e-06
3.080633860008674674e-06
3.108056489509181120e-06
3.466693215159466490e-06
3.328492994114640169e-06
3.677730774143128656e-06
3.100755066043348052e-06
3.348756990817491896e-06
3.360056780365994200e-06
3.061931465708767064e-06
3.166392161801923066e-06
2.950104999399627559e-06
3.306958205939736217e-06
2.902339929278241470e-06
3.301582182757556438e-06
2.861100028894725256e-06
3.219896598238847218e-06
3.453430281297187321e-06
3.111771093244897202e-06
3.373482286406215280e-06
3.202344942110357806e-06
3.565703309504897334e-06
3.206939254596363753e-06
3.006394308613380417e-06
3.266331759732565843e-06
3.135964334433083422e-06
3.936679149774136022e-06
3.107231350440997630e-06
3.865030066663166508e-06
3.493733174764201976e-06
2.958067625513649546e-06
3.052255124202929437e-06
3.295635906397365034e-06
3.063908025069395080e-06
2.899583250837167725e-06
2.959276343972305767e-06
3.075691893172916025e-06
3.322237489555845968e-06
2.854835656762588769e-06
3.571295565052423626e-06
3.411336138015030883e-06
3.502721710901823826e-06
3.748045855900272727e-06
3.447579729254357517e-06
3.080061787841259502e-06
3.396085503482026979e-06
3.710579903781763278e-06
3.156919774482958019e-06
3.229982894481508993e-06
2.238552269773208536e-06
2.195027263951487839e-06
2.332470103283412755e-06
2.361465021749609150e-06
2.027546770477783866e-06
