flux wave error
-0.012621740810573101 1194.6043115971368 7.908653969934676e-06
-0.012599878944456577 1194.6578157198624 8.527533282176591e-06
-0.012582450173795223 1194.71131949419 8.515737135894597e-06
-0.012566623277962208 1194.7648229201263 7.87411681812955e-06
-0.0012849202612414956 1194.8183259976786 1.326088204223197e-05
0.0024045368190854788 1194.8718287268528 1.2086323295079637e-05
-0.0020655631087720394 1194.9253311076563 1.1256720426899847e-05
-0.03126469999551773 1194.9788331400957 1.2564209100673907e-05
-0.0043511586263775826 1195.0323348241777 1.1848187568830326e-05
-0.010320226661860943 1195.0858361599091 1.504744250269141e-05
-0.033458348363637924 1195.1393371472975 1.1163641829625703e-05
-0.026882654055953026 1195.1928377863487 1.217241970152827e-05
-0.036572933197021484 1195.2463380770698 1.1458535482233856e-05
-0.0382583923637867 1195.2998380194676 1.1771996469178703e-05
-0.03939282149076462 1195.3533376135495 1.199769576487597e-05
-0.03900732845067978 1195.4068368593214 3.050631858059205e-05
-0.047855500131845474 1195.4603357567905 1.19967871796689e-05
-0.036945972591638565 1195.5138343059637 1.1967610589636024e-05
-0.05925587937235832 1195.5673325068478 1.4136599929770455e-05
-0.04569978639483452 1195.6208303594492 1.368691573588876e-05
-0.007072459440678358 1195.6743278637753 2.9697015634155832e-05
-0.04853586480021477 1195.7278250198326 1.1009443369403016e-05
-0.06528069078922272 1195.7813218276276 1.3096929251332767e-05
-0.05135636404156685 1195.8348182871675 1.123994752560975e-05
-0.03978390991687775 1195.888314398459 1.1742209608200938e-05
-0.062049683183431625 1195.9418101615092 1.2068305295542814e-05
-0.045944489538669586 1195.9953055763244 1.2838512702728622e-05
-0.0569467768073082 1196.0488006429116 1.313905704591889e-05
-0.04366657882928848 1196.1022953612774 1.1842528692795895e-05
-0.0675341933965683 1196.155789731429 1.2063698704878334e-05
-0.07795337587594986 1196.2092837533733 1.3109594874549657e-05
-0.060304634273052216 1196.2627774271166 1.3115725778334308e-05
-0.06256336718797684 1196.3162707526656 1.2594725376402494e-05
-0.048464205116033554 1196.369763730028 1.2092766155546997e-05
-0.042151276022195816 1196.4232563592093 1.4523938261845615e-05
-0.04979380592703819 1196.4767486402175 1.154201618192019e-05
-0.05647096782922745 1196.5302405730588 1.3004409993300214e-05
-0.0525357611477375 1196.5837321577399 1.3674180991074536e-05
-0.01583257131278515 1196.637223394268 1.726086702547036e-05
-0.029030149802565575 1196.6907142826497 1.6524631064385176e-05
-0.05432475358247757 1196.7442048228918 1.1839977560157422e-05
-0.0469210222363472 1196.797695015001 1.500390499131754e-05
-0.05284345522522926 1196.8511848589842 1.2887634511571378e-05
-0.03283987566828728 1196.9046743548483 1.4283408745541237e-05
-0.031603991985321045 1196.9581635025997 1.4870292943669483e-05
-0.06365051120519638 1197.011652302246 1.2443845662346575e-05
-0.07706861197948456 1197.065140753793 1.6484278603456914e-05
-0.03500895947217941 1197.1186288572483 1.4690056559629738e-05
-0.050174444913864136 1197.1721166126183 1.4264808669395279e-05
-0.03978743404150009 1197.2256040199095 1.6395604689023457e-05
-0.06456630676984787 1197.2790910791293 1.393503862345824e-05
-0.020742760971188545 1197.3325777902842 1.9581246306188405e-05
-0.043722379952669144 1197.3860641533813 1.6408970623160712e-05
-0.034969501197338104 1197.4395501684269 1.341694405709859e-05
-0.05432582274079323 1197.493035835428 1.4506916159007233e-05
-0.03610288351774216 1197.5465211543917 1.3766491065325681e-05
-0.07430809736251831 1197.6000061253244 1.4244638805394061e-05
-0.017886068671941757 1197.6534907482328 2.754691377049312e-05
-0.06175493448972702 1197.7069750231242 2.051287992799189e-05
-0.03839903324842453 1197.760458950005 1.5570079995086417e-05
-0.039269015192985535 1197.813942528882 1.630653059692122e-05
-0.021957984194159508 1197.8674257597625 1.628686186450068e-05
-0.07184679061174393 1197.9209086426524 1.592911758052651e-05
-0.01495578046888113 1197.974391177559 1.977519059437327e-05
-0.04026787355542183 1198.0278733644893 1.4198771168594249e-05
-0.05244436115026474 1198.0813552034501 1.233092370966915e-05
-0.021639196202158928 1198.1348366944476 2.9353635909501463e-05
-0.050264012068510056 1198.188317837489 1.61365660460433e-05
-0.10106472671031952 1198.2417986325809 1.2226006219862029e-05
-0.10066621005535126 1198.2952790797306 1.938375862664543e-05
-0.05859433114528656 1198.3487591789442 1.3665630831383169e-05
-0.04245578870177269 1198.4022389302288 1.324926324741682e-05
-0.07291025668382645 1198.4557183335912 1.2385263289615978e-05
-0.055120814591646194 1198.5091973890385 1.9421771867200732e-05
-0.04543980956077576 1198.562676096577 1.3532107004721183e-05
-0.045756593346595764 1198.6161544562135 1.6636966392979957e-05
-0.06101354956626892 1198.6696324679551 1.2883150702691637e-05
-0.06739242374897003 1198.7231101318087 1.4107950846664608e-05
-0.056796032935380936 1198.7765874477805 1.8446127796778455e-05
-0.017688460648059845 1198.8300644158776 1.89209222298814e-05
-0.026350287720561028 1198.883541036107 1.594020432094112e-05
-0.02651451900601387 1198.9370173084753 1.585878817422781e-05
-0.11064685136079788 1198.9904932329896 1.5286976122297347e-05
-0.026904074475169182 1199.0439688096558 1.579381205374375e-05
-0.026879556477069855 1199.0974440384816 1.5362722479039803e-05
-0.027162907645106316 1199.1509189194733 1.5521412933594547e-05
-0.010913788340985775 1199.204393452638 2.697769923543092e-05
-0.019405581057071686 1199.2578676379821 1.9692282876349054e-05
-0.08117347210645676 1199.3113414755128 1.180505205411464e-05
-0.0489380806684494 1199.3648149652367 1.336686636932427e-05
-0.05080467835068703 1199.4182881071606 1.361262911814265e-05
-0.028417671099305153 1199.4717609012914 1.557492942083627e-05
-0.05866461619734764 1199.5252333476355 1.5136302863538731e-05
-0.05154809728264809 1199.5787054462 1.5472123777726665e-05
-0.028895769268274307 1199.6321771969915 1.539381810289342e-05
-0.051861830055713654 1199.6856486000174 1.287463692278834e-05
-0.020107075572013855 1199.7391196552837 1.808425076887943e-05
-0.05129823088645935 1199.7925903627975 1.3155759006622247e-05
-0.029542574658989906 1199.8460607225657 1.913381856866181e-05
-0.12063521146774292 1199.8995307345947 1.1467232070572209e-05
-0.05354369059205055 1199.9530003988918 1.326188248640392e-05
-0.051955558359622955 1200.0064697154635 1.238116055901628e-05
-0.029983680695295334 1200.0599386843166 1.8827049643732607e-05
-0.06837910413742065 1200.113407305458 1.4653883226856124e-05
-0.02136067859828472 1200.166875578894 1.8266673578182235e-05
-0.053447261452674866 1200.2203435046322 1.2972405784239527e-05
-0.012066763825714588 1200.2738110826788 2.7348743969923817e-05
-0.054942358285188675 1200.3272783130406 1.257719941349933e-05
-0.08072227984666824 1200.3807451957248 1.35394002427347e-05
-0.07883930206298828 1200.4342117307374 1.3208189557190053e-05
-0.08985541015863419 1200.487677918086 1.8055701730190776e-05
-0.03200255706906319 1200.5411437577773 1.56543046614388e-05
-0.0571182556450367 1200.5946092498177 1.5420742784044705e-05
-0.03154550492763519 1200.6480743942138 1.4303324860520661e-05
-0.06990976631641388 1200.7015391909729 1.976042040041648e-05
-0.0693759173154831 1200.7550036401017 1.79648122866638e-05
-0.10460314154624939 1200.8084677416068 1.564626654726453e-05
-0.057442519813776016 1200.8619314954951 1.2742611033900175e-05
-0.023509470745921135 1200.9153949017732 1.8996854123543017e-05
-0.07178354263305664 1200.968857960448 1.4427154383156449e-05
-0.03305164352059364 1201.0223206715264 1.5121707292564679e-05
-0.03486551716923714 1201.075783035015 2.5486151571385562e-05
-0.057937610894441605 1201.1292450509206 1.3388584193307906e-05
-0.07316061854362488 1201.1827067192503 1.1222171451663598e-05
-0.07491185516119003 1201.2361680400102 1.5029619135020766e-05
-0.0656895786523819 1201.2896290132076 1.469164726586314e-05
-0.012403844855725765 1201.3430896388495 2.5849349185591564e-05
-0.05856854096055031 1201.396549916942 1.2680309737334028e-05
-0.033112216740846634 1201.4500098474925 0.023187575861811638
-0.061959534883499146 1201.5034694305073 1.4495482901111245e-05
-0.05960984528064728 1201.5569286659932 1.3351685993256979e-05
-0.06215909495949745 1201.6103875539575 1.4170410395308863e-05
-0.05440249294042587 1201.6638460944062 2.6317562515032478e-05
-0.0593586303293705 1201.717304287347 1.2044579307257663e-05
-0.024838456884026527 1201.7707621327859 1.801264261303004e-05
-0.03491305932402611 1201.8242196307299 1.4944089343771338e-05
-0.05981997773051262 1201.877676781186 1.1894433555426076e-05
-0.024817032739520073 1201.931133584161 1.7348696928820573e-05
-0.03480854630470276 1201.984590039661 1.413572499586735e-05
-0.02511979453265667 1202.0380461476936 1.7584046872798353e-05
-0.025146150961518288 1202.0915019082654 1.744070505083073e-05
-0.10788727551698685 1202.1449573213827 1.5323275874834508e-05
-0.024984782561659813 1202.1984123870525 1.6708343537175097e-05
-0.026011042296886444 1202.251867105282 1.8706772607401945e-05
-0.06316716223955154 1202.3053214760776 1.3700609088118654e-05
-0.02574806474149227 1202.3587754994458 1.777060970198363e-05
-0.06278790533542633 1202.412229175394 1.258113934454741e-05
-0.025486325845122337 1202.4656825039285 1.6857966329553165e-05
-0.10383857041597366 1202.5191354850563 1.511994287284324e-05
-0.02593572437763214 1202.572588118784 1.7476417269790545e-05
-0.025969423353672028 1202.6260404051186 1.7393882444594055e-05
-0.0924193412065506 1202.6794923440668 1.272004737984389e-05
-0.026028314605355263 1202.7329439356356 1.7142490833066404e-05
-0.14467273652553558 1202.7863951798308 1.748232898535207e-05
-0.0364999994635582 1202.8398460766605 1.4284863937064074e-05
-0.036705415695905685 1202.8932966261305 1.449261799280066e-05
-0.06367582827806473 1202.946746828248 1.1837761121569201e-05
-0.1053868755698204 1203.0001966830198 1.4228188774723094e-05
-0.012997022829949856 1203.0536461904524 2.4483759261784144e-05
-0.012892326340079308 1203.1070953505528 2.414605660305824e-05
-0.03665006160736084 1203.1605441633278 1.3623397535411641e-05
-0.037176117300987244 1203.2139926287841 1.4403399291040841e-05
-0.07995930314064026 1203.2674407469283 1.6985441106953658e-05
-0.14842914044857025 1203.3208885177673 2.442176264594309e-05
-0.02698071300983429 1203.3743359413081 1.7297070371569134e-05
-0.02669122815132141 1203.427783017557 1.653348772379104e-05
-0.041372694075107574 1203.4812297465212 2.5115998141700402e-05
-0.041137684136629105 1203.5346761282071 2.404683255008422e-05
-0.06457781046628952 1203.5881221626219 1.1941371667489875e-05
-0.037521954625844955 1203.6415678497722 1.3971620319352951e-05
-0.03782671317458153 1203.6950131896645 1.4377766092366073e-05
-0.06691387295722961 1203.7484581823057 1.348062141914852e-05
-0.04199462756514549 1203.8019028277029 2.513831714168191e-05
-0.02694137953221798 1203.8553471258626 1.601176154508721e-05
-0.027755508199334145 1203.9087910767912 1.7616735931369476e-05
-0.06833453476428986 1203.9622346804963 1.4073962120164651e-05
-0.036210715770721436 1204.015677936984 1.7654732801020145e-05
-0.1384415477514267 1204.0691208462613 0.04755301773548126
-0.06580442190170288 1204.1225634083348 1.2283909200050402e-05
-0.03796880692243576 1204.1760056232115 1.3643105376104359e-05
-0.08321133255958557 1204.229447490898 1.127154791902285e-05
-0.012993043288588524 1204.2828890114017 2.2848325897939503e-05
-0.013960538432002068 1204.3363301847282 2.5747998734004796e-05
-0.026067914441227913 1204.3897710108854 0.0037187745328992605
-0.05109468102455139 1204.4432114898789 1.7263222616747953e-05
-0.038502391427755356 1204.4966516217166 1.4000375813338906e-05
-0.10825754702091217 1204.5500914064046 1.0778621799545363e-05
-0.03623009845614433 1204.60353084395 1.6745943867135793e-05
-0.028191395103931427 1204.6569699343593 1.708202762529254e-05
-0.013200668618083 1204.7104086776394 2.3017018975224346e-05
-0.043221354484558105 1204.7638470737968 2.443145785946399e-05
-0.028203053399920464 1204.8172851228387 1.6797648640931584e-05
-0.06710365414619446 1204.8707228247717 1.2051992598571815e-05
-0.013369988650083542 1204.9241601796025 2.3333666831604205e-05
-0.03671427071094513 1204.9775971873382 1.7241633031517267e-05
-0.013241936452686787 1205.0310338479846 2.287213646923192e-05
-0.03678388521075249 1205.0844701615497 1.7256148566957563e-05
-0.008417570032179356 1205.1379061280393 0.02055765502154827
-0.03874244540929794 1205.1913417474607 1.3398385817708913e-05
-0.028298696503043175 1205.2447770198207 1.633515967114363e-05
-0.013508452102541924 1205.2982119451256 2.3388362023979425e-05
-0.03653217852115631 1205.3516465233824 1.6386391507694498e-05
-0.028387703001499176 1205.4050807545982 1.6295698515023105e-05
-0.06770111620426178 1205.458514638779 1.2482460078899749e-05
-0.0899672731757164 1205.5119481759325 1.0837506124516949e-05
-0.028718410059809685 1205.5653813660645 1.677683940215502e-05
-0.0855446457862854 1205.6188142091828 1.3154117368685547e-05
-0.03908197209239006 1205.6722467052932 1.3487293472280726e-05
-0.03919075056910515 1205.7256788544028 1.3631713045469951e-05
-0.03679069131612778 1205.7791106565187 1.6581367162871175e-05
-0.07522226125001907 1205.8325421116472 1.3328212844498921e-05
-0.0392337404191494 1205.8859732197955 1.3580048289441038e-05
-0.036567725241184235 1205.93940398097 1.5991814507287927e-05
-0.013506302610039711 1205.9928343951774 2.2829206500318833e-05
-0.01350540854036808 1206.0462644624247 2.2773154341848567e-05
-0.06978283077478409 1206.0996941827184 1.2593462088261731e-05
-0.0835801362991333 1206.1531235560658 1.695854552963283e-05
-0.028916001319885254 1206.2065525824733 1.6581234376644716e-05
-0.036596544086933136 1206.2599812619474 1.5914914911263622e-05
-0.03935324400663376 1206.313409594495 1.3495314306055661e-05
-0.038759540766477585 1206.3668375801233 1.2443298146536108e-05
-0.03695244342088699 1206.4202652188385 1.6629848687443882e-05
-0.036825232207775116 1206.4736925106479 1.634505679248832e-05
-0.036932751536369324 1206.5271194555576 0.00467459624633193
-0.03895334526896477 1206.580546053575 1.2711630006378982e-05
-0.03931073099374771 1206.633972304706 1.3329839021025691e-05
-0.06010674685239792 1206.6873982089585 2.282119203300681e-05
-0.14610806107521057 1206.7408237663385 1.6485770174767822e-05
-0.06012803316116333 1206.794248976853 2.2928656107978895e-05
-0.07553829997777939 1206.8476738405084 1.3341133126232307e-05
-0.013693046756088734 1206.9010983573123 2.2880665710545145e-05
-0.03924794867634773 1206.9545225272705 1.3146857781975996e-05
-0.013641394674777985 1207.00794635039 2.2669841200695373e-05
-0.03933940455317497 1207.061369826678 1.3285347449709661e-05
-0.03944536671042442 1207.1147929561407 1.345442342426395e-05
-0.06787336617708206 1207.1682157387852 0.002942326944321394
-0.0292008388787508 1207.2216381746184 1.6626439901301637e-05
-0.013389457017183304 1207.2750602636465 2.1847097741556354e-05
-0.06753796339035034 1207.328482005877 1.126413008023519e-05
-0.07032948732376099 1207.3819034013159 1.3450541700876784e-05
-0.03959834948182106 1207.4353244499703 1.374609382764902e-05
-0.08250423520803452 1207.488745151847 1.4936555089661852e-05
-0.029442984610795975 1207.5421655069529 1.706600778561551e-05
-0.028647977858781815 1207.5955855152943 1.5346209693234414e-05
-0.029285544529557228 1207.649005176878 1.6728283299016766e-05
-0.06718225032091141 1207.702424491711 1.0916011888184585e-05
-0.08442922681570053 1207.7558434598004 1.0047550858871546e-05
-0.036082230508327484 1207.8092620811524 1.4902656403137371e-05
-0.05198349058628082 1207.8626803557736 1.59865685418481e-05
-0.0285712368786335 1207.9160982836715 1.5171169252425898e-05
0.1384553611278534 1207.9695158648522 0.05205942317843437
-0.2373257875442505 1208.0229330993227 0.009782669134438038
-0.03906712308526039 1208.0763499870898 1.3006394510739483e-05
-0.11121682077646255 1208.12976652816 1.2787749255949166e-05
-0.01336685474961996 1208.18318272254 2.1433314032037742e-05
-0.013460020534694195 1208.2365985702372 2.1701263904105872e-05
-0.013621498830616474 1208.290014071258 2.218496592831798e-05
-0.06935117393732071 1208.3434292256084 1.2250846339156851e-05
-0.06960931420326233 1208.3968440332965 1.3096424481773283e-05
-0.14417925477027893 1208.450258494328 1.5413826986332424e-05
-0.03622090443968773 1208.50367260871 1.560243072162848e-05
-0.09337271749973297 1208.5570863764494 1.066149434336694e-05
-0.02872258611023426 1208.6104997975526 1.5608507965225726e-05
-0.03860441967844963 1208.663912872027 1.2490987501223572e-05
0.00706176133826375 1208.7173255998784 0.03428647667169571
-0.035959359258413315 1208.7707379811143 1.527885797258932e-05
-0.028502078726887703 1208.8241500157415 1.5231574252538849e-05
-0.03843607380986214 1208.8775617037659 1.2356854313111398e-05
-0.013409987092018127 1208.9309730451948 2.144903555745259e-05
-0.013449680991470814 1208.9843840400354 2.1570338503806852e-05
-0.028494875878095627 1209.0377946882936 1.5330686437664554e-05
-0.07377797365188599 1209.0912049899769 1.2864968084613793e-05
-0.06599380075931549 1209.1446149450912 1.0787873179651797e-05
-0.028369521722197533 1209.198024553644 1.5164388059929479e-05
-0.013563144952058792 1209.251433815642 2.1929474314674735e-05
-0.06593213975429535 1209.3048427310914 1.0595791536616161e-05
-0.04366219788789749 1209.3582512999994 2.2305097445496358e-05
-0.013446311466395855 1209.4116595223725 2.1644143998855725e-05
-0.08226040005683899 1209.4650673982176 9.499523912381846e-06
-0.02857024222612381 1209.5184749275415 1.5815790902706794e-05
-0.04858159273862839 1209.571882110351 0.003272759960964322
-0.11882732063531876 1209.6252889466523 1.0706071407184936e-05
-0.013348773121833801 1209.6786954364527 2.129131644323934e-05
-0.013263091444969177 1209.7321015797588 2.101592872350011e-05
-0.01331330556422472 1209.7855073765775 2.1216059394646436e-05
-0.03810195252299309 1209.838912826915 1.274740952794673e-05
-0.035141944885253906 1209.892317930779 1.484750919189537e-05
-0.03799699619412422 1209.945722688175 1.2687743037531618e-05
-0.02777925319969654 1209.9991270991109 1.4487678527075332e-05
-0.03520283102989197 1210.0525311635924 1.5189536497928202e-05
0.05393136665225029 1210.1059348816273 0.04538222774863243
-0.03756995499134064 1210.159338253222 1.220677950186655e-05
-0.013264360837638378 1210.2127412783825 2.1067609850433655e-05
-0.02773064561188221 1210.2661439571161 1.4634334547736216e-05
-0.0646575465798378 1210.3195462894298 1.0496374670765363e-05
-0.07898039370775223 1210.3729482753304 1.5028335837996565e-05
-0.027605731040239334 1210.426349914824 1.45375761348987e-05
-0.028015784919261932 1210.4797512079174 1.545735722174868e-05
-0.04930288344621658 1210.533152154618 1.4775474483030848e-05
-0.0562472827732563 1210.5865527549322 2.0857027266174555e-05
-0.037159308791160583 1210.6399530088665 1.2167429304099642e-05
-0.03668332099914551 1210.693352916428 1.1404618817323353e-05
-0.02741098590195179 1210.746752477623 1.445302041247487e-05
-0.027585597708821297 1210.8001516924585 1.4890454622218385e-05
-0.013253459706902504 1210.8535505609416 2.1149679014342837e-05
-0.034030646085739136 1210.9069490830784 1.405383682140382e-05
-0.08554541319608688 1210.9603472588763 1.059780151990708e-05
-0.012927406467497349 1211.0137450883412 2.0190123905194923e-05
-0.11516761779785156 1211.0671425714809 1.0845984434126876e-05
-0.0628877654671669 1211.1205397083013 9.655389476392884e-06
-0.03714776039123535 1211.1739364988093 1.298691950069042e-05
-0.026764828711748123 1211.2273329430118 1.3631729416374583e-05
-0.06330277770757675 1211.2807290409155 1.0691910574678332e-05
-0.07762318849563599 1211.334124792527 1.4371814359037671e-05
-0.02730375900864601 1211.387520197853 1.5021919352875557e-05
-0.012777389027178288 1211.4409152569006 1.9861086911987513e-05
-0.027123918756842613 1211.4943099696764 1.478706872148905e-05
-0.04091024026274681 1211.5477043361868 2.0037950889673084e-05
-0.1406693458557129 1211.601098356439 2.111024150508456e-05
-0.03604954853653908 1211.6544920304395 1.1878544682986103e-05
-0.036127690225839615 1211.707885358195 1.2120280189265031e-05
-0.0409541130065918 1211.7612783397124 2.098998629662674e-05
-0.026797713711857796 1211.8146709749983 1.453837649023626e-05
-0.012843599542975426 1211.8680632640592 2.0233430404914543e-05
-0.026965754106640816 1211.9214552069022 1.5093312867975328e-05
-0.059558551758527756 1211.974846803534 0.002622166881337762
-0.09696389734745026 1212.0282380539616 1.2059461369062774e-05
-0.06366685032844543 1212.0816289581912 1.213161158375442e-05
-0.0332096628844738 1212.1350195162295 1.4733537682332098e-05
-0.035388801246881485 1212.1884097280838 1.1754915249184705e-05
-0.13200925290584564 1212.2417995937603 1.4629033103119582e-05
-0.053237009793519974 1212.2951891132661 2.058923382719513e-05
-0.026416633278131485 1212.3485782866078 1.4624921277572867e-05
-0.24879992008209229 1212.401967113792 0.013669107109308243
-0.06714550405740738 1212.4553555948253 1.2007444638584275e-05
0.02127126231789589 1212.508743729715 0.03963189199566841
-0.08137544244527817 1212.5621315184674 1.0425407708680723e-05
-0.042526498436927795 1212.6155189610895 0.033564649522304535
-0.03528063744306564 1212.6689060575877 1.2550362043839414e-05
-0.11320193856954575 1212.7222928079689 0.006557323969900608
-0.01253912691026926 1212.77567921224 1.9717157556442544e-05
-0.03442896157503128 1212.8290652704072 1.1374023415555712e-05
-0.034606777131557465 1212.882450982478 1.181152583740186e-05
-0.03902345895767212 1212.9358363484587 2.0058439986314625e-05
-0.09681469202041626 1212.9892213683559 9.244122338714078e-06
-0.012817099690437317 1213.0426060421767 2.0703888367279433e-05
-0.0123209860175848 1213.0959903699274 1.9239369066781364e-05
-0.04544392228126526 1213.149374351615 1.5111966604308691e-05
-0.07744096219539642 1213.2027579872463 0.0035942767281085253
-0.034178078174591064 1213.2561412768277 1.1860925042128656e-05
-0.025478776544332504 1213.3095242203665 1.4218780052033253e-05
-0.031366001814603806 1213.3629068178689 1.3608279914478771e-05
-0.025467025116086006 1213.4162890693415 1.4420115803659428e-05
-0.10110489279031754 1213.4696709747916 1.228390283358749e-05
-0.031447067856788635 1213.5230525342256 1.4195959920471068e-05
-0.02531256526708603 1213.5764337476503 1.4395956895896234e-05
-0.12815983593463898 1213.6298146150725 0.006910817697644234
-0.03328637406229973 1213.6831951364989 1.1289485883025918e-05
-0.025139419361948967 1213.736575311936 1.4333357285067905e-05
-0.06029679253697395 1213.789955141391 1.152689310401911e-05
-0.012229370884597301 1213.8433346248698 1.9370598238310777e-05
-0.03319954499602318 1213.8967137623802 1.1636575436568819e-05
-0.012423613108694553 1213.950092553928 2.0038300135638565e-05
-0.05971966311335564 1214.0034709995202 1.1390816325729247e-05
-0.12775379419326782 1214.056849099164 2.0176647012704052e-05
-0.024605609476566315 1214.1102268528657 1.390567013004329e-05
0.03219381719827652 1214.1636042606317 0.03848528116941452
-0.030642028898000717 1214.2169813224696 1.4256802387535572e-05
-0.06323472410440445 1214.2703580383857 1.1692032785504125e-05
-0.00842679850757122 1214.3237344083864 0.023876631632447243
-0.02452373504638672 1214.3771104324787 1.4276287402026355e-05
-0.06152975931763649 1214.4304861106693 1.1016538337571546e-05
0.04351920634508133 1214.483861442965 0.03913694992661476
-0.03170950710773468 1214.5372364293721 1.0572604878689162e-05
-0.024448130279779434 1214.5906110698982 1.4576455214410089e-05
-0.035703934729099274 1214.6439853645493 1.839001924963668e-05
-0.09176918119192123 1214.6973593133323 1.1393262866477016e-05
-0.04134579002857208 1214.750732916254 1.2978263839613646e-05
-0.08841098099946976 1214.804106173321 0.030067000538110733
-0.029305672273039818 1214.8574790845405 1.3151798157196026e-05
0.015157463029026985 1214.9108516499184 0.03126045688986778
0.021519144997000694 1214.9642238694619 0.03345026820898056
-0.08575674146413803 1215.017595743178 1.3883409337722696e-05
0.1261533498764038 1215.0709672710727 0.051456794142723083
0.2168882191181183 1215.1243384531533 0.06254024803638458
0.12592239677906036 1215.1777092894263 0.05641903355717659
-0.022492608055472374 1215.2310797798984 0.03598992899060249
0.04189443960785866 1215.2844499245764 0.055369410663843155
0.14099355041980743 1215.3378197234672 0.06437193602323532
0.10715457797050476 1215.391189176577 0.07115188241004944
0.06274686753749847 1215.4445582839132 0.0655212253332138
0.22233417630195618 1215.497927045482 0.08451159298419952
-0.04923954978585243 1215.55129546129 0.08810604363679886
-0.19046348333358765 1215.6046635313446 0.10939519852399826
-0.09097295254468918 1215.6580312556518 0.18014918267726898
0.11936048418283463 1215.711398634219 0.2286951094865799
0.5726425647735596 1215.7647656670524 0.2162262499332428
0.4936444163322449 1215.818132354159 0.16699238121509552
1.3212212324142456 1215.8714986955451 0.15387065708637238
2.398192882537842 1215.924864691218 0.17942658066749573
2.793891191482544 1215.9782303411841 0.1917804330587387
2.111388921737671 1216.0315956454501 0.16319896280765533
1.5806466341018677 1216.0849606040229 0.14206530153751373
1.1029669046401978 1216.1383252169092 0.11823704093694687
0.6408937573432922 1216.1916894841152 0.09845511615276337
0.5955873131752014 1216.2450534056484 0.08958815783262253
0.3645756244659424 1216.298416981515 0.07626322656869888
0.2861536145210266 1216.3517802117217 0.06855092942714691
0.1745537519454956 1216.4051430962754 0.05021638423204422
0.12845559418201447 1216.4585056351832 0.05349475517868996
-0.05545806512236595 1216.511867828451 1.1080435797339305e-05
-0.03751875460147858 1216.5652296760861 0.03484417870640755
-0.11332686245441437 1216.618591178095 1.3551821211876813e-05
-0.011597340926527977 1216.6719523344846 1.951985905179754e-05
-0.03204995021224022 1216.7253131452612 1.9124570826534182e-05
-0.011509822681546211 1216.7786736104322 1.936715852934867e-05
0.07444434612989426 1216.8320337300036 0.04226892068982124
-0.07780759036540985 1216.8853935039826 1.3943182239017915e-05
0.05790737271308899 1216.9387529323756 0.0385921411216259
-0.06533601135015488 1216.9921120151896 0.0018404136644676328
-0.06171490624547005 1217.045470752431 1.4233791262086015e-05
-0.05962571129202843 1217.0988291441067 1.3596927601611242e-05
-0.059255313128232956 1217.1521871902232 1.3194613529776689e-05
-0.054534319788217545 1217.2055448907881 1.1341979188728146e-05
-0.10552780330181122 1217.258902245807 0.002024008659645915
-0.05411198362708092 1217.3122592552868 1.116674866352696e-05
-0.011303594335913658 1217.3656159192346 1.923618037835695e-05
-0.04077640548348427 1217.4189722376573 1.8980468666995876e-05
-0.020809542387723923 1217.4723282105608 1.3402794138528407e-05
-0.04870276898145676 1217.5256838379526 1.0685081178962719e-05
-0.10853113979101181 1217.5790391198389 1.8344668205827475e-05
-0.08843092620372772 1217.6323940562268 9.672864507592749e-06
-0.06889472901821136 1217.6857486471229 1.331613111688057e-05
-0.1025090217590332 1217.7391028925335 1.0819317139976192e-05
-0.05717533454298973 1217.7924567924658 1.3412729458650574e-05
-0.0345446802675724 1217.8458103469266 1.3100749129080214e-05
-0.0666283518075943 1217.8991635559219 1.4101091437623836e-05
-0.06710715591907501 1217.952516419459 9.003817467601039e-06
-0.025315387174487114 1218.0058689375448 1.3951608707429841e-05
-0.0339101143181324 1218.0592211101855 1.2771080946549773e-05
-0.06661999225616455 1218.112572937388 9.272773240809329e-06
-0.024475036188960075 1218.165924419159 1.2603215509443544e-05
-0.026256680488586426 1218.2192755555052 1.1110254490631633e-05
-0.04512196034193039 1218.2726263464335 8.91500894795172e-06
-0.033511895686388016 1218.3259767919503 1.324464119534241e-05
-0.037738144397735596 1218.3793268920626 1.734696161292959e-05
-0.010906175710260868 1218.4326766467766 1.892947511805687e-05
0.028926964849233627 1218.4860260561 0.03687999024987221
-0.04584535211324692 1218.5393751200381 1.0970843504765071e-05
-0.04866039752960205 1218.5927238385989 1.0630829820001964e-05
-0.023999717086553574 1218.6460722117886 1.311127380176913e-05
-0.06938324123620987 1218.6994202396138 1.0295093488821294e-05
-0.04321036860346794 1218.7527679220814 9.4661045295652e-06
-0.09655534476041794 1218.8061152591977 1.0221895536233205e-05
-0.032282136380672455 1218.8594622509702 1.3304288586368784e-05
-0.044548504054546356 1218.9128088974048 1.066580352926394e-05
-0.02478882111608982 1218.9661551985087 1.0734140232671052e-05
-0.04314281418919563 1219.0195011542883 9.207717994286213e-06
-0.053872667253017426 1219.0728467647505 1.0515655048948247e-05
-0.018725385889410973 1219.1261920299019 1.3093640518491156e-05
-0.10578396171331406 1219.1795369497495 1.3048848813923541e-05
-0.08493555337190628 1219.2328815242995 7.605723567394307e-06
-0.04356033727526665 1219.2862257535587 1.0962052328977734e-05
-0.04636445268988609 1219.3395696375344 1.0854987522179727e-05
-0.0785958543419838 1219.3929131762327 9.36572723730933e-06
-0.05833287164568901 1219.4462563696607 9.03795807971619e-06
-0.09238169342279434 1219.4995992178247 1.1027867913071532e-05
-0.010097278282046318 1219.5529417207317 1.7518785170977935e-05
-0.09468595683574677 1219.606283878388 1.1035211173293646e-05
-0.02339908294379711 1219.6596256908008 1.030704424920259e-05
-0.0666874349117279 1219.7129671579764 8.366395377379376e-06
-0.040829647332429886 1219.766308279922 8.976310709840618e-06
-0.07318920642137527 1219.819649056644 9.274301191908307e-06
-0.040459346026182175 1219.8729894881492 8.893872291082516e-06
-0.05439575016498566 1219.9263295744438 9.38965331442887e-06
-0.04269035533070564 1219.9796693155354 1.0943575034616515e-05
-0.06888379156589508 1220.0330087114298 9.744583621795755e-06
-0.08829575777053833 1220.0863477621344 9.170393241220154e-06
-0.07698843628168106 1220.1396864676556 8.160617653629743e-06
-0.022286612540483475 1220.193024828 9.918116120388731e-06
-0.009999802336096764 1220.2463628431744 1.786602479114663e-05
-0.0224599726498127 1220.2997005131858 1.0554573236731812e-05
-0.07629650086164474 1220.3530378380406 7.902671313786414e-06
-0.0391463041305542 1220.4063748177452 9.274252079194412e-06
-0.016778308898210526 1220.459711452307 1.2320377209107392e-05
-0.04786723107099533 1220.5130477417322 7.96506446931744e-06
-0.061527319252491 1220.5663836860276 7.903227015049197e-06
-0.06191140413284302 1220.6197192851996 7.750527402095031e-06
-0.047351203858852386 1220.6730545392556 8.067863745964132e-06
-0.03834616392850876 1220.7263894482019 9.495215635979548e-06
-0.009734331630170345 1220.7797240120453 1.7544794900459237e-05
-0.03681797906756401 1220.8330582307924 9.052151654032059e-06
-0.08126813918352127 1220.88639210445 0.003077921224758029
-0.03804498910903931 1220.9397256330244 1.0055782695417292e-05
-0.03622659295797348 1220.9930588165228 8.91669697011821e-06
-0.016572659835219383 1221.0463916549518 1.3418983144219965e-05
-0.016154490411281586 1221.0997241483178 1.2646506547753233e-05
-0.02080783247947693 1221.153056296628 1.0168046173930634e-05
-0.06293641775846481 1221.2063880998885 7.49941318645142e-06
-0.048873428255319595 1221.2597195581063 8.99855513125658e-06
-0.05813117325305939 1221.3130506712885 8.21294634079095e-06
-0.07202521711587906 1221.3663814394413 7.399751211778494e-06
-0.044638436287641525 1221.4197118625714 8.157755473803263e-06
-0.03565751016139984 1221.4730419406858 8.707793313078582e-06
-0.03779052942991257 1221.5263716737904 1.052739389706403e-05
-0.009369352832436562 1221.579701061893 1.7275129721383564e-05
-0.09321294724941254 1221.6330301049998 9.399605005455669e-06
-0.03495495766401291 1221.6863588031172 8.565060852561146e-06
-0.05805560201406479 1221.739687156252 1.0505722457310185e-05
-0.035404108464717865 1221.7930151644118 9.961456271412317e-06
-0.04664270207285881 1221.846342827602 9.1126030383748e-06
-0.033557288348674774 1221.89967014583 8.879442248144187e-06
-0.02482045255601406 1221.9529971191023 1.2980233805137686e-05
-0.01475454866886139 1222.006323747426 1.1929535503441002e-05
-0.03441378474235535 1222.059650030807 9.43536633712938e-06
-0.0184378232806921 1222.1129759692526 1.2146170774940401e-05
-0.06740893423557281 1222.1663015627694 7.575513336632866e-06
-0.018855450674891472 1222.219626811364 9.845763997873291e-06
-0.06933511793613434 1222.272951715043 0.0028335924725979567
-0.0738886147737503 1222.3262762738132 1.008610979624791e-05
-0.07776572555303574 1222.3796004876813 1.23243316920707e-05
-0.0524691604077816 1222.432924356654 7.793521945131943e-06
-0.04744695499539375 1222.4862478807383 8.845326192385983e-06
-0.04710137099027634 1222.53957105994 8.660082130518276e-06
-0.04009849578142166 1222.5928938942668 7.787863069097511e-06
-0.01851661130785942 1222.646216383725 1.0509445019124541e-05
-0.031997498124837875 1222.6995385283208 8.524002623744309e-06
-0.03251422196626663 1222.7528603280618 9.999931535276119e-06
-0.039523690938949585 1222.806181782954 8.063206223596353e-06
-0.05636219680309296 1222.8595028930044 8.369553142983932e-06
-0.06165491044521332 1222.9128236582196 8.154574061336461e-06
-0.03869887813925743 1222.9661440786065 9.699277143226936e-06
-0.04739939421415329 1223.0194641541711 1.3716039575228933e-05
-0.03096633218228817 1223.0727838849211 8.579251698392909e-06
-0.03832440823316574 1223.1261032708624 8.004414667084347e-06
-0.021520836278796196 1223.179422312002 1.1965052181039937e-05
-0.04121852666139603 1223.2327410083467 9.093770131585188e-06
-0.030384069308638573 1223.2860593599028 8.627084753243253e-06
-0.029336359351873398 1223.3393773666776 8.785727004578803e-06
-0.04799268767237663 1223.392695028677 7.869315595598891e-06
-0.037022631615400314 1223.4460123459082 7.79817310103681e-06
-0.016885843127965927 1223.499329318378 1.0076961189042777e-05
-0.049224864691495895 1223.5526459460928 1.0368966286478098e-05
-0.016836317256093025 1223.6059622290593 1.0302379450877197e-05
-0.08813383430242538 1223.6592781672844 1.1739238289010245e-05
-0.05006566271185875 1223.712593760774 7.2422985795128625e-06
-0.05774477496743202 1223.7659090095365 7.197533250291599e-06
-0.03282997012138367 1223.8192239135767 9.901856174110435e-06
-0.04252660647034645 1223.8725384729025 9.072839930013288e-06
-0.042099401354789734 1223.92585268752 8.763417099544313e-06
-0.08735860884189606 1223.979166557436 8.482919838570524e-06
0.018564661964774132 1224.0324800826575 0.027394186705350876
-0.06344644725322723 1224.0857932631907 7.352608008659445e-06
-0.054356347769498825 1224.139106099043 8.012170837901067e-06
-0.06465700268745422 1224.19241859022 8.565735697629862e-06
-0.053354304283857346 1224.2457307367295 7.4184445111313835e-06
-0.02681705355644226 1224.2990425385774 9.083651093533263e-06
-0.029121389612555504 1224.352353995771 9.94910988083575e-06
-0.030726684257388115 1224.4056651083163 9.323896847490687e-06
-0.033594436943531036 1224.4589758762206 7.995283340278547e-06
-0.02852354198694229 1224.5122862994901 9.669058272265829e-06
-0.042973510921001434 1224.5655963781319 7.267882665473735e-06
-0.059010256081819534 1224.6189061121524 8.552164217690006e-06
-0.051073454320430756 1224.6722155015584 7.4731378845172e-06
-0.014662711881101131 1224.7255245463566 1.1964788427576423e-05
-0.014449551701545715 1224.7788332465536 9.294780284108128e-06
-0.04885074496269226 1224.832141602156 8.563037226849701e-06
-0.03164505958557129 1224.8854496131707 7.320752047235146e-06
-0.041433218866586685 1224.9387572796043 7.462072971975431e-06
-0.031523894518613815 1224.9920646014637 1.1958664799749386e-05
-0.02540902979671955 1225.045371578755 8.480258657073136e-06
-0.02410382218658924 1225.0986782114853 8.240841452789027e-06
-0.030946271494030952 1225.1519844996615 7.616676157340407e-06
-0.027118345722556114 1225.2052904432899 9.561924343870487e-06
-0.030795738101005554 1225.258596042377 1.2261757547094021e-05
-0.013970964588224888 1225.3119012969298 9.918075193127152e-06
-0.026836905628442764 1225.3652062069552 9.919182957673911e-06
-0.05635543912649155 1225.4185107724595 7.512770025641657e-06
-0.03506363183259964 1225.4718149934495 8.758118383411784e-06
-0.013462381437420845 1225.5251188699317 9.553959898767062e-06
-0.04289955645799637 1225.5784224019133 8.980514394352213e-06
-0.013081373646855354 1225.6317255894003 9.151684025709983e-06
-0.05274248868227005 1225.6850284324003 8.076514859567396e-06
-0.023463156074285507 1225.738330930919 8.295734915009234e-06
-0.01597910374403 1225.791633084963 1.2262425116205122e-05
-0.05337677150964737 1225.84493489454 6.868754098832142e-06
-0.03714622184634209 1225.8982363596563 7.319899850699585e-06
-0.04322678595781326 1225.9515374803182 7.448433279932942e-06
-0.01269438210874796 1226.0048382565324 9.445706382393837e-06
-0.03658933565020561 1226.058138688306 7.494908459193539e-06
-0.030115734785795212 1226.1114387756452 8.345285095856525e-06
-0.02442583441734314 1226.1647385185572 9.701555427454878e-06
-0.02732563577592373 1226.2180379170484 7.47500007491908e-06
-0.02226022258400917 1226.2713369711253 9.568956556904595e-06
-0.05029534175992012 1226.3246356807947 6.690527698083315e-06
-0.028894031420350075 1226.3779340460635 7.871323759900406e-06
-0.049199026077985764 1226.431232066938 9.497019163973164e-06
-0.02121654711663723 1226.4845297434251 7.7752374636475e-06
-0.02047787606716156 1226.5378270755318 8.444189916190226e-06
-0.03414152190089226 1226.5911240632643 7.212608124973485e-06
-0.025965074077248573 1226.644420706629 7.4962799772038125e-06
-0.05506926774978638 1226.6977170056336 8.256020919361617e-06
-0.025685131549835205 1226.7510129602838 7.575266863568686e-06
-0.03514069318771362 1226.8043085705867 6.7089740696246736e-06
-0.022048622369766235 1226.8576038365488 9.522164873487782e-06
-0.011432474479079247 1226.9108987581772 9.50400408328278e-06
-0.04656041041016579 1226.964193335478 7.420124347845558e-06
-0.04426441714167595 1227.0174875684581 7.120539521565661e-06
-0.03226293623447418 1227.070781457124 7.3592495937191416e-06
-0.011058138683438301 1227.124075001483 9.360871445096564e-06
-0.011246624402701855 1227.1773682015412 9.838789083005395e-06
-0.033410754054784775 1227.2306610573055 6.870612651255215e-06
-0.021137597039341927 1227.2839535687824 9.348913408757653e-06
-0.011080513708293438 1227.3372457359787 1.1443589755799621e-05
-0.011201857589185238 1227.3905375589009 1.1862677638418972e-05
-0.03127434849739075 1227.4438290375558 9.173528269457165e-06
-0.014652946032583714 1227.4971201719504 1.616223198652733e-05
-0.023242726922035217 1227.5504109620906 7.640165677003097e-06
-0.010394703596830368 1227.6037014079839 9.326102372142486e-06
-0.03008129820227623 1227.6569915096366 7.62578838475747e-06
-0.04153463616967201 1227.710281267055 6.048280283721397e-06
-0.008168044500052929 1227.7635706802464 1.1283463209110778e-05
-0.008043338544666767 1227.8168597492174 1.1109957085864153e-05
-0.04059766232967377 1227.870148473974 7.356092737609288e-06
-0.04597692936658859 1227.9234368545237 7.092844498401973e-06
-0.009865419939160347 1227.9767248908727 9.261065315513406e-06
-0.027539582923054695 1228.030012583028 7.242716037580976e-06
-0.04008034989237785 1228.0832999309957 6.831249720562482e-06
-0.020262543112039566 1228.136586934783 9.379675248055719e-06
-0.017125222831964493 1228.1898735943967 7.864756298658904e-06
-0.017352566123008728 1228.2431599098427 9.785954716790002e-06
-0.0285541582852602 1228.2964458811284 6.405754902516492e-06
-0.032906875014305115 1228.34973150826 6.537768967973534e-06
0.2420639991760254 1228.4030167912445 0.04897569119930267
-0.04004950076341629 1228.4563017300884 1.176884507003706e-05
-0.028824977576732635 1228.5095863247984 7.869364708312787e-06
-0.03678188472986221 1228.5628705753813 6.06617504672613e-06
-0.01978687383234501 1228.6161544818435 7.205406745924847e-06
-0.007378408685326576 1228.6694380441918 1.1394905413908418e-05
-0.00886512827128172 1228.722721262433 9.15548389457399e-06
-0.035595666617155075 1228.7760041365734 8.219311894208658e-06
-0.01565617136657238 1228.82928666662 7.835199539840687e-06
-0.03516441583633423 1228.8825688525799 6.195045898493845e-06
-0.024882111698389053 1228.9358506944586 7.188873951236019e-06
-0.021914362907409668 1228.9891321922637 8.131572030833922e-06
-0.025522587820887566 1229.0424133460015 6.346864211081993e-06
-0.020264362916350365 1229.0956941556785 8.202049684769008e-06
-0.008317673578858376 1229.1489746213017 9.098584087041672e-06
-0.033634234219789505 1229.202254742878 9.370502993988339e-06
-0.014648537151515484 1229.2555345204132 7.725429895799607e-06
-0.02690856158733368 1229.308813953915 8.234590495703742e-06
-0.017581148073077202 1229.3620930433895 7.04011745256139e-06
-0.023737356066703796 1229.4153717888432 9.420563401363324e-06
-0.03460419550538063 1229.4686501902834 0.0015798702370375395
-0.0236536655575037 1229.5219282477158 6.327544724626932e-06
-0.023698054254055023 1229.5752059611477 6.6550064730108716e-06
-0.02604622393846512 1229.628483330586 7.422508588206256e-06
-0.016627894714474678 1229.6817603560369 6.917103746673092e-06
-0.02492847852408886 1229.735037037507 8.336185601365287e-06
-0.028839195147156715 1229.7883133750036 7.836466465960257e-06
-0.016561234369874 1229.8415893685326 7.434599410771625e-06
-0.016113881021738052 1229.8948650181012 7.000307505222736e-06
-0.02499440498650074 1229.9481403237155 7.953535714477766e-06
-0.018303636461496353 1230.001415285383 7.902357538114302e-06
-0.01586456224322319 1230.0546899031096 7.247460871440126e-06
-0.007147718220949173 1230.107964176902 8.989856723928824e-06
-0.012860605493187904 1230.1612381067678 9.563877938489895e-06
-0.01529358047991991 1230.2145116927122 7.017526968411403e-06
-0.02058119885623455 1230.267784934743 9.199935448123142e-06
-0.007092578336596489 1230.3210578328667 9.3327271315502e-06
-0.019922038540244102 1230.3743303870892 7.3590217652963474e-06
-0.02027764916419983 1230.427602597418 6.282678896241123e-06
-0.012020389549434185 1230.4808744638597 9.228110684489366e-06
-0.011276623234152794 1230.5341459864203 8.190338121494278e-06
-0.022738594561815262 1230.587417165107 7.2474331318517216e-06
-0.022570231929421425 1230.6406879999265 7.078442649799399e-06
-0.018901363015174866 1230.693958490885 7.413539606204722e-06
-0.021889787167310715 1230.74722863799 6.943679636606248e-06
-0.0141357546672225 1230.800498441247 7.476460268662777e-06
-0.021976502612233162 1230.8537679006636 6.750239208486164e-06
-0.024652492254972458 1230.9070370162462 5.767907623521751e-06
-0.01792224682867527 1230.960305788001 7.238955731736496e-06
-0.010303743183612823 1231.0135742159353 8.103113941615447e-06
-0.023927800357341766 1231.0668423000557 5.78350727664656e-06
-0.02113155461847782 1231.1201100403684 7.050389740470564e-06
-0.020452547818422318 1231.1733774368804 6.424010280170478e-06
-0.017438344657421112 1231.2266444895984 6.167599167383742e-06
-0.005498596932739019 1231.279911198529 1.1961024938500486e-05
-0.02226085215806961 1231.3331775636786 6.981343176448718e-06
-0.009407008066773415 1231.386443585054 7.761261258565355e-06
-0.02251918613910675 1231.439709262662 7.098740297806216e-06
-0.008978745900094509 1231.492974596509 7.3808182605716866e-06
-0.006848563440144062 1231.546239586602 1.1792074474215042e-05
-0.021313460543751717 1231.5995042329473 6.32584033155581e-06
-0.010735548101365566 1231.652768535552 9.16825229069218e-06
-0.02090408466756344 1231.7060324944223 6.3976126511988696e-06
-0.01573537103831768 1231.759296109565 6.2003109633224085e-06
-0.019861062988638878 1231.8125593809868 7.660485607630108e-06
-0.012527486309409142 1231.8658223086943 7.92725222709123e-06
-0.019810639321804047 1231.919084892694 7.020324119366705e-06
-0.012047810479998589 1231.972347132993 1.0685165761969984e-05
-0.022200750187039375 1232.025609029598 7.089534392434871e-06
-0.013518165796995163 1232.078870582515 6.897710591147188e-06
-0.012551290914416313 1232.132131791751 7.91193906479748e-06
-0.010554935783147812 1232.1853926573128 6.90053320795414e-06
-0.010563232935965061 1232.238653179207 7.078087037371006e-06
-0.012903803959488869 1232.2919133574399 6.876601673866389e-06
-0.018722981214523315 1232.3451731920186 6.2065137171885e-06
-0.018434878438711166 1232.3984326829495 6.0976749409746844e-06
-0.014663332141935825 1232.4516918302395 6.696431682939874e-06
-0.004389719106256962 1232.5049506338946 1.1211540368094575e-05
-0.01791316829621792 1232.5582090939224 8.961467756307684e-06
-0.01940092071890831 1232.611467210329 6.359896360663697e-06
-0.01988125964999199 1232.6647249831208 6.894726539030671e-06
-0.007710838224738836 1232.7179824123052 8.992825314635411e-06
-0.004483775235712528 1232.7712394978885 8.777699804340955e-06
-0.021957114338874817 1232.824496239877 1.0755809853435494e-05
-0.01242111437022686 1232.8777526382776 6.249985744943842e-06
-0.02111992798745632 1232.9310086930968 7.041424851195188e-06
-0.016189975664019585 1232.984264404342 6.195742571435403e-06
-0.015504601411521435 1233.037519772019 7.107868896127911e-06
-0.007427331991493702 1233.0907747961346 7.532858035119716e-06
-0.014933066442608833 1233.1440294766956 6.186283826536965e-06
-0.010340888053178787 1233.1972838137087 6.64356593915727e-06
-0.014742981642484665 1233.2505378071803 6.460742042690981e-06
-0.008037582039833069 1233.3037914571178 6.511340870929416e-06
-0.009813318029046059 1233.3570447635268 7.875273695390206e-06
-0.008054882287979126 1233.4102977264147 6.825366199336713e-06
-0.010649474337697029 1233.4635503457873 6.941380434000166e-06
-0.01443368662148714 1233.5168026216522 8.995643838716205e-06
-0.010233885608613491 1233.5700545540158 6.710602065140847e-06
-0.0057572899386286736 1233.6233061428845 7.63300067774253e-06
-0.010238212533295155 1233.676557388265 1.0938195373455528e-05
-0.009137711487710476 1233.729808290164 6.784715878893621e-06
-0.013257830403745174 1233.783058848588 6.120796570030507e-06
-0.008808455429971218 1233.8363090635441 6.660769486188656e-06
-0.011115704663097858 1233.8895589350386 6.932099495315924e-06
-0.012699408456683159 1233.942808463078 7.202398137451382e-06
-0.013608408160507679 1233.9960576476694 7.930311767267995e-06
-0.013052771799266338 1234.049306488819 7.2105526669474784e-06
-0.012263543903827667 1234.1025549865337 6.233115982468007e-06
-0.00911685824394226 1234.1558031408201 6.273401140788337e-06
-0.011854706332087517 1234.2090509516847 7.817085133865476e-06
-0.011325239203870296 1234.2622984191344 5.701825557480333e-06
-0.00881593395024538 1234.3155455431754 6.380737431754824e-06
-0.009642397984862328 1234.368792323815 6.27663439445314e-06
-0.009697417728602886 1234.4220387610592 6.549124918819871e-06
-0.00953847635537386 1234.4752848549151 7.7992972364882e-06
-0.008558036759495735 1234.5285306053893 6.840294645371614e-06
-0.007941623218357563 1234.5817760124878 6.01258807364502e-06
-0.005928800906985998 1234.6350210762184 6.754526111762971e-06
-0.0059254588559269905 1234.6882657965866 6.8724075390491635e-06
-0.007778432220220566 1234.7415101735999 8.18191074358765e-06
-0.0043196347542107105 1234.7947542072645 7.671411367482506e-06
-0.00658760080114007 1234.847997897587 7.698472472839057e-06
-0.009632210247218609 1234.9012412445747 6.040932476025773e-06
-0.009584687650203705 1234.9544842482333 6.2335484471987e-06
-0.00943131186068058 1235.0077269085698 6.223592663445743e-06
-0.010569838806986809 1235.060969225591 6.882668003527215e-06
-0.008644386194646358 1235.1142111993033 5.5578580031578895e-06
-0.007009608671069145 1235.1674528297137 6.4282298808393534e-06
-0.006916405167430639 1235.2206941168286 6.4439582274644636e-06
-0.00729100639000535 1235.2739350606548 6.199294602993177e-06
-0.007250835187733173 1235.3271756611985 6.3137654251477215e-06
-0.006515130866318941 1235.3804159184665 6.851879334135447e-06
-0.006326193455606699 1235.433655832466 6.213814685906982e-06
-0.007811637595295906 1235.486895403203 5.788443559140433e-06
-0.006788583938032389 1235.5401346306844 6.337223112495849e-06
-0.004607670474797487 1235.593373514917 6.786236554034986e-06
-0.006436866242438555 1235.646612055907 6.182908691698685e-06
-0.007315933704376221 1235.6998502536615 5.855604285898153e-06
-0.007168474607169628 1235.7530881081866 6.756936272722669e-06
-0.004402139689773321 1235.8063256194894 6.877290616102982e-06
-0.006997144315391779 1235.8595627875768 6.652019692410249e-06
-0.006614007521420717 1235.9127996124544 5.623406650556717e-06
-0.0052709938026964664 1235.96603609413 7.456764706148533e-06
-0.006445659790188074 1236.0192722326094 5.728172709495993e-06
-0.004443117883056402 1236.0725080278996 6.550010311912047e-06
-0.006164440419524908 1236.125743480007 5.684088137059007e-06
-0.006867613643407822 1236.178978588939 6.781395313737448e-06
-0.00541979493573308 1236.2322133547011 5.846843123435974e-06
-0.004860696382820606 1236.2854477773008 6.235776709218044e-06
-0.006467214785516262 1236.3386818567442 5.980782134429319e-06
-0.0053219906985759735 1236.391915593038 6.1859800553065725e-06
-0.005520235747098923 1236.4451489861895 5.759861323895166e-06
-0.006448735482990742 1236.4983820362047 6.303881491476204e-06
-0.0036222313065081835 1236.5516147430903 6.936530098755611e-06
-0.004325564485043287 1236.604847106853 5.862075340701267e-06
-0.004760338459163904 1236.6580791274996 6.827063771197572e-06
-0.003988649230450392 1236.7113108050362 5.908904768148204e-06
-0.004727181047201157 1236.7645421394698 5.585627604887122e-06
-0.00459125405177474 1236.8177731308074 7.160686891438672e-06
-0.007023466285318136 1236.8710037790552 8.722301572561264e-06
-0.004701077472418547 1236.92423408422 5.836762738908874e-06
-0.003989320248365402 1236.9774640463081 6.647963346040342e-06
-0.00428645359352231 1237.0306936653265 5.674895874108188e-06
-0.003288466250523925 1237.0839229412818 6.843741630291333e-06
-0.0034614610485732555 1237.1371518741805 7.492767508665565e-06
-0.003945187199860811 1237.1903804640292 5.5955997595447116e-06
-0.0015725602861493826 1237.2436087108347 1.4197904420143459e-05
-0.0034087952226400375 1237.2968366146035 6.342805590975331e-06
-0.004177605267614126 1237.3500641753421 6.3566026256012265e-06
-0.0028240636456757784 1237.4032913930578 6.665567525487859e-06
-0.003695598803460598 1237.456518267756 5.894672540307511e-06
-0.0034423647448420525 1237.5097447994447 5.630200575978961e-06
-0.002511486876755953 1237.5629709881298 6.4315017880289815e-06
-0.002789159771054983 1237.6161968338179 5.86575515626464e-06
-0.002310963347554207 1237.669422336516 6.3664433582744095e-06
-0.0018417085520923138 1237.7226474962301 7.274700692505576e-06
-0.0026954696513712406 1237.7758723129675 5.888438408874208e-06
-0.0023064056877046824 1237.8290967867347 6.660707185801584e-06
-0.0015040270518511534 1237.8823209175378 6.882395155116683e-06
-0.003260186407715082 1237.935544705384 6.268790457397699e-06
-0.0024100758600980043 1237.9887681502798 5.202121883485233e-06
-0.0019614053890109062 1238.0419912522316 8.350688403879758e-06
-0.00336898653768003 1238.0952140112463 6.952508556423709e-06
-0.0019130156142637134 1238.1484364273306 6.406653938029194e-06
-0.002743070712313056 1238.201658500491 6.395167019945802e-06
-0.002143851015716791 1238.2548802307338 7.337522220041137e-06
-0.0022312230430543423 1238.308101618066 5.900090400245972e-06
-0.0024561272002756596 1238.361322662494 5.8385908232594375e-06
-0.0021572394762188196 1238.4145433640251 5.536925073101884e-06
-0.0021791793406009674 1238.467763722665 5.637436515826266e-06
-0.001834481256082654 1238.520983738421 6.8021058723388705e-06
-0.0021668472327291965 1238.574203411299 5.775631507276557e-06
-0.0019933264702558517 1238.6274227413064 7.273104529303964e-06
-0.0020153422374278307 1238.6806417284495 8.47373030410381e-06
-0.0017654934199526906 1238.7338603727349 5.666258857672801e-06
-0.0019777980633080006 1238.7870786741692 5.768495157099096e-06
-0.00018314400222152472 1238.8402966327594 1.4903577721270267e-05
-0.001278146868571639 1238.8935142485113 1.011829954222776e-05
-0.0026191154029220343 1238.9467315214324 8.565049029130023e-06
-0.0014086472801864147 1238.999948451529 7.2084135354089085e-06
-0.001912092324346304 1239.0531650388075 6.638198101427406e-06
-0.001604394055902958 1239.106381283275 5.611776941805147e-06
-0.0012417812831699848 1239.1595971849376 5.951900675427169e-06
-0.0014985828893259168 1239.212812743802 6.0352635955496226e-06
-0.0009714112966321409 1239.2660279598751 6.012057838233886e-06
-0.0014042824041098356 1239.3192428331636 7.236709734570468e-06
-0.0017281720647588372 1239.3724573636741 6.203296834428329e-06
-0.0006824979791417718 1239.4256715514127 6.510436378448503e-06
-0.001573727116920054 1239.4788853963867 6.7270625550008845e-06
-0.0015613756841048598 1239.5320988986023 6.329958523565438e-06
-0.0013173960614949465 1239.585312058066 5.583232905337354e-06
-0.0012018427951261401 1239.638524874785 7.081232979544438e-06
-0.0017252346733585 1239.6917373487652 6.113668405305361e-06
-0.0011942150304093957 1239.744949480014 5.501518444361864e-06
-0.001271278946660459 1239.7981612685373 5.622514891001629e-06
-0.0012346662115305662 1239.8513727143422 5.598160896624904e-06
-0.0010481863282620907 1239.9045838174354 5.372931354941102e-06
-0.001651774044148624 1239.9577945778228 6.235943146748468e-06
-0.0014510627370327711 1240.011004995512 5.782974767498672e-06
-0.0012344683054834604 1240.064215070509 5.649369995808229e-06
-0.0015266124391928315 1240.1174248028203 6.139506695035379e-06
-0.0017535579390823841 1240.1706341924528 7.711730177106801e-06
-0.0005260347970761359 1240.2238432394133 7.103520601958735e-06
-0.0007095665787346661 1240.2770519437083 7.42240308682085e-06
-0.0011248711962252855 1240.330260305344 5.528615929506486e-06
-0.0010128230787813663 1240.3834683243276 6.555891559401061e-06
-0.0010714329546317458 1240.4366760006656 5.4560464377573226e-06
-0.0010629165917634964 1240.489883334364 6.575598945346428e-06
-0.0015641618520021439 1240.5430903254305 5.873107511433773e-06
-0.0014059132663533092 1240.5962969738707 5.859119482920505e-06
-0.0010984903201460838 1240.649503279692 5.829621386510553e-06
-0.0024003349244594574 1240.7027092429005 8.380264262086712e-06
-0.0015498977154493332 1240.755914863503 7.555154297733679e-06
-0.0011496710358187556 1240.809120141506 5.456652615976054e-06
-0.0008913875790312886 1240.8623250769165 6.344675057334825e-06
-0.0011470681056380272 1240.9155296697404 6.70298550176085e-06
-0.0015976702561601996 1240.9687339199854 5.7463239500066265e-06
-0.001350097474642098 1241.021937827657 6.01212150286301e-06
-0.0012328354641795158 1241.0751413927624 5.815956228616415e-06
-0.0012316409265622497 1241.1283446153084 5.396423148340546e-06
-0.0011987147154286504 1241.1815474953007 6.553707407874754e-06
-0.0011861498933285475 1241.2347500327471 5.959364898444619e-06
-0.0008417618228122592 1241.2879522276535 6.33977833786048e-06
-0.0015416451497003436 1241.3411540800264 5.658695044985507e-06
-0.0009110330138355494 1241.3943555898734 5.83330302106333e-06
-0.0019233755301684141 1241.4475567571997 6.235648470465094e-06
-0.0011602739105001092 1241.5007575820132 6.053906872693915e-06
-0.0015028479974716902 1241.5539580643197 6.093258889450226e-06
-0.0014650545781478286 1241.6071582041257 5.3038284022477455e-06
-0.0017783954972401261 1241.6603580014385 5.652148047374794e-06
-0.001754106837324798 1241.7135574562644 5.561068519455148e-06
-0.001636621542274952 1241.7667565686102 5.351758773031179e-06
-0.0014482334954664111 1241.819955338482 5.695231266145129e-06
-0.0020121887791901827 1241.8731537658866 6.176040642458247e-06
-0.0021035412792116404 1241.9263518508312 6.055127414583694e-06
-0.002099692588672042 1241.9795495933217 5.686714303010376e-06
-0.0020196461118757725 1242.032746993365 5.50908816876472e-06
-0.002073382493108511 1242.0859440509676 5.504316050064517e-06
-0.0020042601972818375 1242.1391407661363 5.997312655381393e-06
-0.00300265452824533 1242.1923371388775 6.981993919907836e-06
-0.0025820613373070955 1242.245533169198 8.522128155163955e-06
-0.0018411404453217983 1242.2987288571046 6.1676596487814095e-06
-0.002612665994092822 1242.3519242026032 5.814872565679252e-06
-0.002466099336743355 1242.405119205701 5.525581400434021e-06
-0.002640732564032078 1242.4583138664048 6.053272500139428e-06
-0.0022374498657882214 1242.5115081847207 7.0003852670197375e-06
-0.002676388481631875 1242.5647021606553 5.512662937690038e-06
-0.0033543140161782503 1242.6178957942154 6.339058018056676e-06
-0.0029767758678644896 1242.6710890854079 5.719633918488398e-06
-0.002768802922219038 1242.724282034239 5.97346252106945e-06
-0.002542376285418868 1242.7774746407151 6.541327365994221e-06
-0.003144941758364439 1242.8306669048436 5.768867140432121e-06
-0.002848317613825202 1242.8838588266303 7.093341537256492e-06
-0.00258817826397717 1242.9370504060826 7.983987416082527e-06
-0.003790125949308276 1242.9902416432062 6.508827482321067e-06
-0.0027286065742373466 1243.0434325380086 6.022735760780051e-06
-0.003682632464915514 1243.0966230904958 6.0172201301611494e-06
-0.0033091080840677023 1243.1498133006746 6.094864602346206e-06
-0.003966450225561857 1243.2030031685517 5.882058303541271e-06
-0.003711150959134102 1243.2561926941335 5.419452008936787e-06
-0.0032928651198744774 1243.3093818774269 6.1823311625630595e-06
-0.003941996954381466 1243.3625707184383 5.462530225486262e-06
-0.003947541117668152 1243.4157592171741 5.336634785635397e-06
-0.004106468521058559 1243.4689473736414 5.407435764936963e-06
-0.004121424630284309 1243.5221351878465 5.535458512895275e-06
-0.004281878471374512 1243.575322659796 5.357645932235755e-06
-0.004212298430502415 1243.6285097894968 6.233662588783773e-06
-0.004525001160800457 1243.6816965769551 5.390637397795217e-06
-0.004339969251304865 1243.7348830221777 5.545432486542268e-06
-0.004838626366108656 1243.788069125171 5.5042505664459895e-06
-0.004753850866109133 1243.8412548859421 5.2475538723228965e-06
-0.004725172184407711 1243.894440304497 5.69495477975579e-06
-0.005118821747601032 1243.947625380843 5.411524398368783e-06
-0.005130390170961618 1244.0008101149863 5.271915597404586e-06
-0.005637194495648146 1244.0539945069331 6.995903731876751e-06
-0.005351396277546883 1244.1071785566908 5.237640380073572e-06
-0.005300444085150957 1244.1603622642654 5.813105872221058e-06
-0.005321831442415714 1244.213545629664 5.847427928529214e-06
-0.005758620798587799 1244.2667286528927 5.2586765377782285e-06
-0.0059919534251093864 1244.3199113339585 5.393464107328327e-06
-0.006009077187627554 1244.3730936728675 5.240649898041738e-06
-0.006343993358314037 1244.4262756696273 5.568124834098853e-06
-0.0065933289006352425 1244.4794573242434 5.61456954528694e-06
-0.006378031801432371 1244.5326386367228 5.181344477023231e-06
-0.0060896375216543674 1244.5858196070726 5.723829417547677e-06
-0.0068597872741520405 1244.6390002352985 5.437080289993901e-06
-0.00624201400205493 1244.692180521408 5.614708697976312e-06
-0.007130227982997894 1244.7453604654067 5.412675363913877e-06
-0.0065122200176119804 1244.7985400673024 5.599463747785194e-06
-0.0072950380854308605 1244.8517193271007 5.229394446359947e-06
-0.008129446767270565 1244.9048982448087 5.85681345910416e-06
-0.00830581784248352 1244.958076820433 5.847299235028913e-06
-0.008311162702739239 1245.0112550539798 5.596089522441616e-06
-0.008645390160381794 1245.064432945456 6.3143666011455934e-06
-0.008059458807110786 1245.1176104948684 5.2054897423658986e-06
-0.008445901796221733 1245.1707877022234 5.496010089700576e-06
-0.008236260153353214 1245.2239645675272 5.009462256566621e-06
-0.00947166234254837 1245.2771410907874 5.906923433940392e-06
-0.008422915823757648 1245.3303172720093 6.293327714956831e-06
-0.008436883799731731 1245.3834931112006 5.922653599554906e-06
-0.008131962269544601 1245.4366686083674 6.2027302192291245e-06
-0.009269190952181816 1245.4898437635163 5.245289685262833e-06
-0.008434507064521313 1245.5430185766543 5.459339718072442e-06
-0.009616535156965256 1245.5961930477874 5.6984044931596145e-06
-0.009890105575323105 1245.6493671769226 5.367522589949658e-06
-0.008916936814785004 1245.7025409640664 5.468042218126357e-06
-0.010275568813085556 1245.7557144092254 5.855241397512145e-06
-0.010222678072750568 1245.8088875124058 5.5292521210503764e-06
-0.010682540014386177 1245.862060273615 5.450265234685503e-06
-0.011290189810097218 1245.915232692859 6.804205440857913e-06
-0.010786863975226879 1245.9684047701446 5.085848897579126e-06
-0.01121178362518549 1246.0215765054784 5.3864500841882546e-06
-0.010624721646308899 1246.074747898867 6.38333131064428e-06
-0.012304269708693027 1246.127918950317 5.939109541941434e-06
-0.012492588721215725 1246.1810896598347 5.822967978019733e-06
-0.010059962049126625 1246.2342600274274 5.444350790639874e-06
-0.012071543373167515 1246.287430053101 5.624637196888216e-06
-0.01099648978561163 1246.3405997368623 5.524288553715451e-06
-0.013164902105927467 1246.393769078718 5.880691333004506e-06
-0.011282913386821747 1246.4469380786745 5.408269771578489e-06
-0.013440322130918503 1246.5001067367386 5.859288648935035e-06
-0.014476069249212742 1246.5532750529171 5.5181772040668875e-06
-0.011440521106123924 1246.606443027216 5.798952315672068e-06
-0.013508439064025879 1246.6596106596423 5.182920631341403e-06
-0.014609791338443756 1246.7127779502027 5.625386620522477e-06
-0.011801907792687416 1246.7659448989032 5.594187314272858e-06
-0.011837546713650227 1246.8191115057514 5.402025635703467e-06
-0.014531675726175308 1246.8722777707528 5.374534794100327e-06
-0.014429054223001003 1246.9254436939148 4.941402039548848e-06
-0.01027324516326189 1246.9786092752436 6.191207376105012e-06
-0.015064637176692486 1247.0317745147458 5.185243935557082e-06
-0.015328756533563137 1247.0849394124282 5.22986783835222e-06
-0.015467267483472824 1247.1381039682972 5.1045481086475775e-06
-0.01592530868947506 1247.1912681823594 5.753264758823207e-06
-0.015961384400725365 1247.2444320546215 5.14120256411843e-06
-0.016307178884744644 1247.29759558509 5.299445092532551e-06
-0.01372172124683857 1247.3507587737718 5.545123258343665e-06
-0.01691364124417305 1247.4039216206727 5.457245151774259e-06
-0.014066469855606556 1247.4570841258 5.500489351106808e-06
-0.018379652872681618 1247.5102462891602 5.625367066386389e-06
-0.01799558848142624 1247.56340811076 5.79188963456545e-06
-0.017679696902632713 1247.6165695906059 5.162730303709395e-06
-0.014837718568742275 1247.6697307287038 5.505609351530438e-06
-0.01963045820593834 1247.7228915250614 5.862073066964513e-06
-0.014529546722769737 1247.7760519796846 5.748992407461628e-06
-0.01886986754834652 1247.82921209258 5.40490009370842e-06
-0.01684923842549324 1247.8823718637543 5.427930318546714e-06
-0.019209830090403557 1247.9355312932146 5.162298748473404e-06
-0.020013971254229546 1247.9886903809665 5.7413494687352795e-06
-0.016277102753520012 1248.0418491270177 5.579091975960182e-06
-0.019998561590909958 1248.0950075313738 5.158902695256984e-06
-0.02029508911073208 1248.1481655940418 5.202295142225921e-06
-0.0209676343947649 1248.2013233150283 5.573051566898357e-06
-0.023375917226076126 1248.25448069434 5.362042884371476e-06
-0.02121616341173649 1248.307637731983 5.348428658180637e-06
-0.021291326731443405 1248.3607944279647 5.078415142634185e-06
-0.021714409813284874 1248.4139507822908 5.521510047401534e-06
-0.027220703661441803 1248.4671067949687 6.018567546561826e-06
-0.022228218615055084 1248.5202624660046 5.214423254074063e-06
-0.018599333241581917 1248.5734177954048 5.8705973060568795e-06
-0.025883950293064117 1248.6265727831767 5.6962376220326405e-06
-0.019070008769631386 1248.679727429326 5.9169547057535965e-06
-0.002749151084572077 1248.7328817338596 5.574887836701237e-06
-0.006215734872967005 1248.7860356967842 6.293700607784558e-06
-0.005613814573734999 1248.8391893181065 5.5379155128321145e-06
-0.0015406642341986299 1248.8923425978326 5.693647835869342e-06
-0.000262950430624187 1248.9454955359697 4.834800620301394e-06
-0.005018314346671104 1248.9986481325238 3.396363126739743e-06
-0.0050245532765984535 1249.051800387502 3.400578862056136e-06
-0.005010190419852734 1249.1049523009108 4.152950623392826e-06
-0.005013640969991684 1249.1581038727566 3.717076197062852e-06
