flux wave error
-0.012636697851121426 1194.5808272235417 7.277203167177504e-06
-0.012621566653251648 1194.6343272197703 6.4126647885132115e-06
-0.012609599158167839 1194.6878268676326 5.810152288177051e-06
-0.01163160428404808 1194.7413261671356 7.858022399886977e-06
-0.008566048927605152 1194.7948251182859 9.333715752291027e-06
0.012153057381510735 1194.8483237210908 1.0166850188397802e-05
-0.05221473053097725 1194.9018219755567 9.09784921532264e-06
-0.042438358068466187 1194.9553198816905 8.509236067766324e-06
-0.03541877120733261 1195.008817439499 8.044582500588149e-06
-0.09050370752811432 1195.062314648989 9.253202733816579e-06
-0.09773150086402893 1195.1158115101675 8.924564099288546e-06
-0.06763467937707901 1195.1693080230407 8.373735909117386e-06
-0.06663481146097183 1195.222804187616 9.390857485414017e-06
-0.06774605065584183 1195.2763000039001 9.30049554881407e-06
-0.0789971724152565 1195.3297954718998 9.075713023776188e-06
-0.08409756422042847 1195.383290591622 1.0403643500467297e-05
-0.09290177375078201 1195.4367853630729 8.283888746518642e-06
-0.07532965391874313 1195.4902797862599 8.27152507554274e-06
-0.1148870587348938 1195.54377386119 1.1226957212784328e-05
-0.023874688893556595 1195.597267587869 1.5790172255947255e-05
-0.023666871711611748 1195.6507609663047 1.5108746993064415e-05
-0.04842769354581833 1195.7042539965037 1.009935476758983e-05
-0.08156201243400574 1195.7577466784724 8.18836360849673e-06
-0.15299490094184875 1195.8112390122178 1.4089676369621884e-05
-0.10604415088891983 1195.8647309977468 8.023677764867898e-06
-0.09005968272686005 1195.9182226350663 8.9622453742777e-06
-0.08402653783559799 1195.9717139241825 8.866281859809533e-06
-0.06308368593454361 1196.025204865103 1.0325613402528688e-05
-0.0937068834900856 1196.0786954578343 8.914267709769774e-06
-0.11227695643901825 1196.132185702383 7.461452696588822e-06
-0.13149569928646088 1196.185675598756 8.97093559615314e-06
-0.05703618377447128 1196.2391651469602 9.930958185577765e-06
-0.0414319783449173 1196.2926543470026 1.1606006410147529e-05
-0.05425788462162018 1196.3461431988894 1.1783346963056829e-05
-0.05974287912249565 1196.3996317026279 9.988506462832447e-06
-0.0564228892326355 1196.4531198582245 1.1629867003648542e-05
-0.09531214088201523 1196.5066076656865 8.69217637955444e-06
-0.06214255467057228 1196.5600951250203 9.799711733649019e-06
-0.10291073471307755 1196.6135822362328 1.0192425179411657e-05
-0.0820593535900116 1196.667068999331 9.612631401978433e-06
-0.08650459349155426 1196.7205554143213 1.1833509233838413e-05
-0.05741577595472336 1196.7740414812108 1.4418010323424824e-05
-0.1059880405664444 1196.8275272000064 9.81516313913744e-06
-0.10340238362550735 1196.8810125707146 8.823856660455931e-06
-0.06465372443199158 1196.934497593342 9.990822036343161e-06
-0.04669944941997528 1196.987982267896 1.1420936061767861e-05
-0.047338858246803284 1197.041466594383 1.1699163223966025e-05
-0.04752546548843384 1197.09495057281 1.158676423074212e-05
-0.005895659327507019 1197.1484342031836 0.043381791561841965
-0.060874469578266144 1197.2019174855106 1.353464995190734e-05
-0.02055327594280243 1197.255400419798 2.0229934307280928e-05
-0.02791365422308445 1197.3088830060524 1.4130295312497765e-05
-0.05561397969722748 1197.3623652442807 1.3651347217091825e-05
-0.028062211349606514 1197.4158471344897 1.394245100527769e-05
-0.05029793828725815 1197.469328676686 1.1567904948606156e-05
-0.028451036661863327 1197.522809870877 1.4153757547319401e-05
-0.08900467306375504 1197.5762907170686 1.8774298951029778e-05
-0.08716139942407608 1197.6297712152682 8.570549653086346e-06
-0.028958221897482872 1197.6832513654822 1.4346973330248147e-05
-0.06497164070606232 1197.7367311677178 1.123657693824498e-05
-0.07254138588905334 1197.7902106219817 9.738034350448288e-06
-0.03626439720392227 1197.8436897282804 1.9526009054970928e-05
-0.09016411751508713 1197.897168486621 9.628216503188014e-06
-0.06668616086244583 1197.95064689701 1.1518382052599918e-05
-0.08774600923061371 1198.0041249594547 1.3850160030415282e-05
-0.06723872572183609 1198.0576026739618 1.1345537132001482e-05
-0.06806682795286179 1198.1110800405372 1.1832535165012814e-05
-0.14810924232006073 1198.1645570591888 1.2988033631700091e-05
-0.05469799414277077 1198.2180337299228 1.1046009603887796e-05
-0.0299365371465683 1198.2715100527462 1.3841518011759035e-05
-0.09841973334550858 1198.3249860276655 1.7704067431623116e-05
-0.09161389619112015 1198.3784616546877 1.3921144272899255e-05
-0.10952351242303848 1198.43193693382 9.076767128135543e-06
-0.07002612203359604 1198.4854118650685 1.108444939745823e-05
-0.03068443015217781 1198.5388864484403 1.4142484360490926e-05
-0.08765959739685059 1198.5923606839424 9.48920478549553e-06
-0.04100069776177406 1198.645834571581 0.04777885228395462
-0.07978774607181549 1198.6993081113635 9.55672385316575e-06
-0.07081788033246994 1198.7527813032966 1.062071169144474e-05
-0.07189718633890152 1198.8062541473867 1.1110158993687946e-05
-0.10504008084535599 1198.8597266436407 1.8270786313223653e-05
-0.05853912606835365 1198.9131987920655 1.1034589988412336e-05
-0.023952029645442963 1198.966670592668 1.8887167243519798e-05
-0.0958925113081932 1199.020142045455 1.3511130418919493e-05
-0.024238981306552887 1199.073613150433 1.9057422832702287e-05
-0.024447966367006302 1199.127083907609 1.9301534848636948e-05
-0.031553760170936584 1199.1805543169896 1.3699879673367832e-05
-0.032046373933553696 1199.234024378582 1.4326491509564221e-05
-0.031500283628702164 1199.2874940923925 1.3316424883669242e-05
-0.031803034245967865 1199.3409634584282 1.3629748536914121e-05
-0.024960957467556 1199.3944324766958 1.9353026800672524e-05
-0.025067148730158806 1199.447901147202 1.935000909725204e-05
-0.12200742959976196 1199.5013694699537 1.2940240594616625e-05
-0.02496279776096344 1199.5548374449577 1.8685403119889088e-05
-0.032226841896772385 1199.6083050722204 1.3618318916996941e-05
-0.1129039004445076 1199.6617723517493 1.7219173969351687e-05
-0.08639500290155411 1199.7152392835508 9.140993824985344e-06
-0.15327690541744232 1199.7687058676313 1.739388426358346e-05
-0.03955209627747536 1199.8221721039981 1.938711284310557e-05
-0.02542087808251381 1199.875637992658 1.843331119744107e-05
-0.03258121386170387 1199.9291035336175 1.3403317097981926e-05
-0.03907286375761032 1199.9825687268835 1.789906673366204e-05
-0.025980835780501366 1200.036033572463 1.9091088688583113e-05
-0.07708870619535446 1200.0894980703624 1.0164886589336675e-05
-0.10251966863870621 1200.142962220589 9.085216333915014e-06
-0.032993778586387634 1200.1964260231487 1.3471287275024224e-05
-0.10299646854400635 1200.2498894780492 1.3054048395133577e-05
-0.03271743655204773 1200.3033525852966 1.2830341802327894e-05
-0.13249586522579193 1200.3568153448982 1.3269713235786185e-05
-0.07848241925239563 1200.4102777568608 1.0330110853828955e-05
-0.03335727006196976 1200.4637398211905 1.3487903743225615e-05
-0.03338450565934181 1200.5172015378948 1.3483081602316815e-05
-0.08381243050098419 1200.57066290698 1.2962871551280841e-05
-0.1104363203048706 1200.6241239284532 1.0058667612611316e-05
-0.027100563049316406 1200.6775846023213 1.9511760910972953e-05
-0.08420417457818985 1200.7310449285908 1.2636484825634398e-05
-0.06671685725450516 1200.7845049072682 1.0916663995885756e-05
-0.06592804938554764 1200.8379645383611 1.0224959623883478e-05
-0.02722584456205368 1200.8914238218756 1.9117560441372916e-05
-0.19961120188236237 1200.9448827578185 1.238800359715242e-05
-0.1084306389093399 1200.9983413461969 8.987583896669094e-06
-0.04048188030719757 1201.0517995870175 1.854574838944245e-05
-0.07975967228412628 1201.1052574802866 1.2861949471698608e-05
-0.12506577372550964 1201.158715026012 1.6816511561046354e-05
-0.08013687282800674 1201.2121722241993 1.262307159777265e-05
-0.040417756885290146 1201.2656290748562 1.8024889868684113e-05
-0.08096210658550262 1201.3190855779892 1.2851151041104458e-05
-0.08023758232593536 1201.3725417336047 1.2337695807218552e-05
-0.06887675821781158 1201.42599754171 1.081047230400145e-05
-0.10156826674938202 1201.4794530023116 1.2300456546654459e-05
-0.11123068630695343 1201.5329081154166 1.003584111458622e-05
-0.03425178304314613 1201.586362881031 1.2994716598768719e-05
-0.027777262032032013 1201.6398172991624 1.8331274986849166e-05
-0.03404754772782326 1201.6932713698172 1.2525968486443162e-05
-0.04095156863331795 1201.7467250930024 1.8419937987346202e-05
-0.08844557404518127 1201.8001784687242 1.2478883036237676e-05
-0.1026926338672638 1201.8536314969901 1.1636107956292108e-05
-0.0408155620098114 1201.9070841778068 1.7894815755425952e-05
-0.02753874659538269 1201.9605365111804 1.70997573150089e-05
-0.11380099505186081 1202.0139884971181 1.000698557618307e-05
-0.0279695987701416 1202.067440135627 1.7785381714929827e-05
-0.034711163491010666 1202.1208914267136 1.3032395145273767e-05
-0.02806777134537697 1202.1743423703845 1.776415047061164e-05
-0.07005344331264496 1202.2277929666466 1.0182491678278893e-05
-0.027933062985539436 1202.2812432155067 1.7268883311771788e-05
-0.0412633940577507 1202.3346931169717 1.8356749933445826e-05
-0.10486483573913574 1202.388142671048 1.204805084853433e-05
-0.04106920212507248 1202.4415918777427 1.7851658412837423e-05
-0.11206354945898056 1202.4950407370625 1.2535496352938935e-05
-0.09046190977096558 1202.5484892490142 1.2057638741680421e-05
-0.03474193066358566 1202.6019374136047 1.2603512914211024e-05
-0.04138616845011711 1202.6553852308402 1.8373057173448615e-05
0.08443499356508255 1202.7088327007282 0.05615333467721939
-0.02849583700299263 1202.7622798232749 1.7601922081667e-05
-0.08590392023324966 1202.8157265984876 1.0035119885287713e-05
-0.04132279381155968 1202.8691730263727 1.805408282962162e-05
-0.03470005467534065 1202.922619106937 1.2222042641951703e-05
-0.12056303769350052 1202.9760648401873 9.556049008097034e-06
-0.02872416563332081 1203.0295102261305 1.7664408005657606e-05
-0.0859847143292427 1203.0829552647729 9.763699381437618e-06
-0.09202864021062851 1203.136399956122 1.1870670277858153e-05
-0.04110679775476456 1203.1898443001842 1.7350923371850513e-05
-0.04113442450761795 1203.2432882969663 1.7370137356920168e-05
-0.03499830514192581 1203.2967319464751 1.2391450582072139e-05
-0.03504317253828049 1203.350175248717 1.243900533154374e-05
-0.03477069362998009 1203.4036182036994 1.1978977454418782e-05
-0.03530273959040642 1203.4570608114288 1.2768879969371483e-05
-0.04091763496398926 1203.510503071912 1.6779807992861606e-05
-0.11894991993904114 1203.563944985155 9.776061233424116e-06
-0.03507925570011139 1203.6173865511662 1.2311484169913456e-05
-0.08699998259544373 1203.6708277699508 1.1832818927359767e-05
-0.03481543809175491 1203.7242686415163 1.1852143870783038e-05
-0.029333705082535744 1203.7777091658695 1.7967153326026164e-05
-0.028697658330202103 1203.8311493430172 1.6525029423064552e-05
-0.029481202363967896 1203.884589172966 1.8165876099374145e-05
-0.04113185033202171 1203.9380286557225 1.7125579688581638e-05
-0.15983879566192627 1203.9914677912936 0.004534399136900902
-0.22300076484680176 1204.0449065796863 0.004276788327842951
-0.03534195199608803 1204.098345020907 1.2491510460677091e-05
-0.035161569714546204 1204.1517831149627 1.2178423276054673e-05
-0.0353325754404068 1204.2052208618602 1.2435411008482333e-05
-0.03508837893605232 1204.258658261606 1.2017487279081251e-05
-0.038042422384023666 1204.312095314207 0.0023869636934250593
-0.046758901327848434 1204.3655320196701 0.0015342084225267172
-0.029510581865906715 1204.418968378002 1.7681932149571367e-05
-0.029254673048853874 1204.4724043892095 1.7101630874094553e-05
-0.0293575469404459 1204.5258400532991 1.728498136799317e-05
-0.07365016639232635 1204.5792753702779 9.709167898108717e-06
-0.035234417766332626 1204.6327103401525 1.2150295333412942e-05
-0.03492309898138046 1204.6861449629298 1.1653177352854982e-05
-0.08916661888360977 1204.7395792386164 1.0116590601683129e-05
-0.023927316069602966 1204.793013167219 0.027618639171123505
-0.08944353461265564 1204.8464467487447 1.1898555385414511e-05
-0.04108196124434471 1204.8998799831998 1.6991425582091324e-05
0.3219242990016937 1204.9533128705914 0.08172017335891724
-0.029245980083942413 1205.0067454109262 1.6670792319928296e-05
-0.11833497136831284 1205.0601776042108 9.706272066978272e-06
-0.02910345233976841 1205.1136094504523 1.63114455062896e-05
-0.029090894386172295 1205.1670409496571 1.6231981135206297e-05
-0.041281986981630325 1205.2204721018322 1.7481061149737798e-05
-0.040828537195920944 1205.2739029069844 1.6529447748325765e-05
-0.11886666715145111 1205.3273333651202 9.453687198401894e-06
-0.07406505197286606 1205.3807634762463 9.452242920815479e-06
-0.08820547163486481 1205.43419324037 9.433644663658924e-06
-0.04069998115301132 1205.4876226574975 1.6294568922603503e-05
-0.08842212706804276 1205.5410517276362 9.430604222870898e-06
0.028047118335962296 1205.594480450792 0.05206369608640671
-0.035321276634931564 1205.6479088269723 1.2146331755502615e-05
0.01677350513637066 1205.7013368561836 0.05046685412526131
-0.02960149571299553 1205.7547645384327 1.704119313217234e-05
-0.0894303098320961 1205.8081918737264 1.136422906711232e-05
-0.040724463760852814 1205.8616188620715 1.659293229749892e-05
-0.03483933210372925 1205.9150455034746 1.1426835953898262e-05
-0.07434924691915512 1205.9684717979426 9.319521268480457e-06
-0.040484681725502014 1206.0218977454822 1.6157155187102035e-05
-0.02942441776394844 1206.0753233461005 1.6563419194426388e-05
-0.02942776493728161 1206.1287485998039 1.6616906577837653e-05
-0.03491063788533211 1206.1821735065987 1.1603305210883263e-05
0.009168549440801144 1206.2355980664925 0.046772196888923645
-0.07441595941781998 1206.2890222794917 9.445223440707196e-06
-0.02912374585866928 1206.342446145603 1.5874913515290245e-05
-0.03492714464664459 1206.395869664833 1.1675304449454416e-05
-0.034941837191581726 1206.449292837189 1.1724541764124297e-05
-0.11126553267240524 1206.5027156626772 0.002266755560413003
-0.03473171591758728 1206.5561381413052 1.1414550499466714e-05
-0.14202016592025757 1206.6095602730784 1.531255475129001e-05
-0.029377510771155357 1206.6629820580047 1.6443567801616155e-05
-0.029501518234610558 1206.7164034960904 1.6744595995987765e-05
-0.07405073940753937 1206.769824587342 9.237155609298497e-06
-0.02930067479610443 1206.823245331767 1.6312980733346194e-05
-0.0348135381937027 1206.8766657293716 1.1647916835499927e-05
-0.029169199988245964 1206.9300857801627 1.6054644220275804e-05
-0.035058557987213135 1206.9835054841471 1.2060138942615595e-05
-0.029334884136915207 1207.0369248413313 1.6399757441831753e-05
-0.04466478154063225 1207.0903438517223 0.0018220565980300307
-0.03569166362285614 1207.143762515327 0.0016876468434929848
-0.04046154394745827 1207.1971808321516 1.7195030522998422e-05
-0.08866585791110992 1207.2505988022033 1.055977918440476e-05
-0.03479110822081566 1207.304016425489 1.181651714432519e-05
-0.03227108344435692 1207.3574337020152 0.03882100060582161
-0.07435275614261627 1207.4108506317887 9.452144695387688e-06
-0.034162700176239014 1207.464267214816 1.0922720321104862e-05
-0.03492439538240433 1207.5176834511042 1.212789265991887e-05
-0.08737710863351822 1207.5710993406597 8.93666765477974e-06
-0.1418677568435669 1207.6245148834894 1.5539482774329372e-05
-0.021337945014238358 1207.6779300796006 0.04419086128473282
0.03643877059221268 1207.7313449289993 0.05269717425107956
-0.03407176211476326 1207.7847594316927 1.0967225534841418e-05
-0.03943343833088875 1207.8381735876872 1.5738703950773925e-05
-0.03425661846995354 1207.89158739699 1.131506451201858e-05
-0.23181475698947906 1207.9450008596073 0.006981410551816225
-0.13710616528987885 1207.998413975546 0.00463733309879899
-0.1436883509159088 1208.051826744813 0.00041679420974105597
-0.028528759256005287 1208.1052391674157 1.5017662008176558e-05
-0.16055484116077423 1208.1586512433596 1.0495933565835003e-05
-0.03386612609028816 1208.2120629726523 1.0914228369074408e-05
-0.14090386033058167 1208.2654743553 1.480755236116238e-05
-0.08699293434619904 1208.3188853913098 8.856301974446978e-06
-0.0340552031993866 1208.3722960806883 1.132934085035231e-05
-0.028682375326752663 1208.4257064234425 1.5490140867768787e-05
-0.1194094717502594 1208.4791164195792 8.882284419087227e-06
-0.09344908595085144 1208.5325260691047 1.0541011761233676e-05
0.021914998069405556 1208.585935372026 0.0461263507604599
-0.1250447928905487 1208.6393443283498 7.671116691199131e-06
-0.07238344848155975 1208.6927529380825 8.654777957417537e-06
-0.03364277631044388 1208.7461612012319 1.0979232683894224e-05
-0.03345717489719391 1208.7995691178035 1.0736643162090331e-05
-0.02861260063946247 1208.852976687805 1.563108708069194e-05
-0.13463355600833893 1208.9063839112425 7.554095645900816e-06
-0.033434245735406876 1208.9597907881232 1.0832824955286924e-05
-0.11945562064647675 1209.0131973184534 9.004307685245294e-06
-0.03325926512479782 1209.0666035022402 1.0675773410184775e-05
-0.02840721607208252 1209.1200093394907 1.5408342733280733e-05
-0.09282253682613373 1209.1734148302105 1.0593834304017946e-05
-0.03320702165365219 1209.2268199744074 1.0742844096967019e-05
-0.029806967824697495 1209.2802247720876 0.046013589948415756
0.0032639780547469854 1209.3336292232584 0.04402618482708931
-0.11257021129131317 1209.3870333279256 1.0608899174258113e-05
-0.12392331659793854 1209.4404370860968 7.5582938734441996e-06
-0.03325653076171875 1209.4938404977784 1.1065780199714936e-05
-0.04898802191019058 1209.5472435629772 0.0033476706594228745
-0.03855225443840027 1209.6006462817002 1.5490155419684015e-05
-0.08677245676517487 1209.6540486539539 1.022916148940567e-05
-0.03318192437291145 1209.7074506797446 1.1132800864288583e-05
-0.027982888743281364 1209.7608523590798 1.5071193047333509e-05
-0.02812076173722744 1209.8142536919659 1.5405979866045527e-05
-0.17570145428180695 1209.8676546784095 1.4135698620520998e-05
-0.03787720575928688 1209.9210553184178 1.5740219168947078e-05
-0.027936281636357307 1209.9744556119967 1.5140491996135097e-05
-0.0280267633497715 1210.0278555591537 1.539546974527184e-05
-0.028075426816940308 1210.0812551598958 1.5568064554827288e-05
-0.02790011838078499 1210.1346544142289 1.5227267795125954e-05
-0.08611191064119339 1210.18805332216 1.024955872708233e-05
-0.027627360075712204 1210.2414518836963 1.4758692486793734e-05
-0.027800947427749634 1210.2948500988439 1.5176395208982285e-05
-0.008144872263073921 1210.34824796761 0.030419880524277687
-0.13634516298770905 1210.4016454900009 1.4225489394448232e-05
-0.03709416836500168 1210.455042666024 0.0466630645096302
-0.03689756989479065 1210.5084394956855 1.4767228094569873e-05
-0.03688105568289757 1210.5618359789921 1.4850290426693391e-05
-0.12169864028692245 1210.6152321159511 7.4035528996319044e-06
-0.08907955884933472 1210.6686279065689 9.614564987714402e-06
-0.03227413073182106 1210.722023350852 1.082197286450537e-05
-0.08909199386835098 1210.7754184488072 9.93065259535797e-06
-0.027597082778811455 1210.8288132004416 1.5360496036009863e-05
-0.02705526351928711 1210.8822076057616 1.4263248885981739e-05
-0.03674856573343277 1210.9356016647741 1.5311112292692997e-05
-0.03639986738562584 1210.988995377486 1.4658299733127933e-05
-0.03656115010380745 1211.0423887439038 1.5134684872464277e-05
0.05363564193248749 1211.095781764034 0.041917622089385986
-0.06974631547927856 1211.149174437884 8.780860298429616e-06
-0.06867169588804245 1211.20256676546 8.014904778974596e-06
-0.031891074031591415 1211.255958746769 1.087480632122606e-05
-0.026864590123295784 1211.3093503818175 1.4372640180226881e-05
-0.02713583968579769 1211.3627416706124 1.5036123841127846e-05
-0.035927385091781616 1211.4161326131605 1.4566337995347567e-05
-0.03592660650610924 1211.4695232094682 1.4710290997754782e-05
-0.03123714029788971 1211.5229134595427 1.0208448657067493e-05
-0.1076909601688385 1211.5763033633905 1.0505657883186359e-05
-0.03568263351917267 1211.6296929210182 1.45326512210886e-05
-0.031565774232149124 1211.6830821324327 1.0929858035524376e-05
-0.031174873933196068 1211.736470997641 1.0400400242360774e-05
-0.03118305653333664 1211.7898595166491 1.0474364898982458e-05
-0.06789342314004898 1211.8432476894648 8.23310710984515e-06
-0.08429360389709473 1211.8966355160935 0.0015530268428847194
-0.04097500443458557 1211.950022996543 0.001328056212514639
-0.08277766406536102 1212.0034101308202 1.0271984137943946e-05
-0.08695871382951736 1212.0567969189308 1.036646335705882e-05
-0.02642880380153656 1212.110183360882 1.4587103578378446e-05
0.057986192405223846 1212.1635694566808 0.04002952203154564
-0.02645481564104557 1212.2169552063338 1.4817146620771382e-05
-0.026320790871977806 1212.2703406098474 1.458282713429071e-05
-0.16675779223442078 1212.3237256672287 0.008290157653391361
-0.3543475568294525 1212.377110378484 0.005944711156189442
-0.034921497106552124 1212.4304947436208 1.4815804206591565e-05
-0.030628247186541557 1212.4838787626454 1.0589113117021043e-05
-0.2501645088195801 1212.5372624355643 1.3879431207897142e-05
-0.03468680381774902 1212.5906457623848 1.4676376849820372e-05
0.051689378917217255 1212.6440287431128 0.053969427943229675
-0.06438945233821869 1212.6974113777558 0.0026061804965138435
-0.06615304201841354 1212.7507936663203 8.068208444456104e-06
-0.03429845720529556 1212.8041756088128 1.43324314194615e-05
0.010960837826132774 1212.8575572052403 0.04134354367852211
-0.030340760946273804 1212.9109384556095 1.0745658073574305e-05
-0.1271580159664154 1212.964319359927 1.3322319318831433e-05
-0.030091704800724983 1213.0176999181995 1.0527996892051306e-05
-0.029804490506649017 1213.071080130434 1.0147903594770469e-05
-0.12678858637809753 1213.124459996637 0.0026842195075005293
-0.04354938864707947 1213.177839516815 0.0025805227924138308
-0.1480361372232437 1213.2312186909755 9.948078513843939e-06
-0.03371267020702362 1213.2845975191244 1.4260822354117408e-05
-0.03376764431595802 1213.3379760012692 1.4520903278025798e-05
-0.025478893890976906 1213.3913541374159 1.4538173672917765e-05
-0.025622813031077385 1213.4447319275714 1.4956229279050604e-05
-0.025256875902414322 1213.4981093717429 1.4230105989554431e-05
-0.025463774800300598 1213.5514864699367 1.4778115655644797e-05
-0.029237737879157066 1213.6048632221593 1.0088446288136765e-05
-0.14704643189907074 1213.658239628418 7.754183570796158e-06
-0.07829176634550095 1213.7116156887191 9.834162483457476e-06
-0.028935860842466354 1213.7649914030699 9.87185376288835e-06
-0.1103011816740036 1213.8183667714761 0.013683273456990719
-0.025051450356841087 1213.8717417939454 1.4424517758016009e-05
-0.08137759566307068 1213.9251164704842 9.708352081361227e-06
-0.08113216608762741 1213.9784908010993 9.526269423076883e-06
-0.02896120771765709 1214.031864785797 1.0317665328329895e-05
-0.032569654285907745 1214.0852384245845 1.3867760571883991e-05
-0.11020396649837494 1214.1386117174686 6.7479618337529246e-06
-0.028549842536449432 1214.1919846644557 9.93266348814359e-06
-0.028812767937779427 1214.2453572655525 1.0427112101751845e-05
-0.0016877539455890656 1214.2987295207658 0.039040304720401764
-0.02865412086248398 1214.3521014301025 1.0340272638131864e-05
-0.02814633771777153 1214.405472993569 9.648557352193166e-06
-0.1383277177810669 1214.4588442111726 9.890412911772728e-06
-0.024001089856028557 1214.5122150829193 1.3258709259389434e-05
-0.032301291823387146 1214.5655856088165 1.4588011254090816e-05
-0.03839373216032982 1214.6189557888704 0.039155084639787674
-0.024205246940255165 1214.672325623088 1.4033770639798604e-05
-0.13547487556934357 1214.7256951114757 8.920313121052459e-06
-0.0242816973477602 1214.7790642540408 1.4424314940697514e-05
0.0005855570780113339 1214.8324330507894 0.0423302948474884
-0.024051010608673096 1214.8858015017288 1.4101715350989252e-05
-0.07774924486875534 1214.939169606865 9.171308192890137e-06
0.013563819229602814 1214.9925373662056 0.04195330664515495
0.17139433324337006 1215.0459047797565 0.059631865471601486
0.1037212535738945 1215.0992718475252 0.056685879826545715
0.13565142452716827 1215.1526385695176 0.06153170019388199
0.18108202517032623 1215.2060049457411 0.05898571386933327
0.11999955773353577 1215.2593709762023 0.055824603885412216
0.1949319839477539 1215.3127366609074 0.06584581732749939
0.23958031833171844 1215.3661019998638 0.06967268139123917
0.24251599609851837 1215.4194669930775 0.07380708307027817
0.0863150805234909 1215.472831640556 0.07740281522274017
-0.06385073065757751 1215.5261959423058 0.06918855756521225
-0.04677266255021095 1215.5795598983332 0.09546921402215958
-0.1474938839673996 1215.6329235086455 0.13075082004070282
0.3261112570762634 1215.6862867732486 0.14638015627861023
-0.15275660157203674 1215.7396496921501 0.10113704204559326
0.26398468017578125 1215.7930122653565 0.10081683099269867
1.092715859413147 1215.846374492874 0.12811791896820068
2.0533435344696045 1215.8997363747098 0.16089338064193726
3.232805013656616 1215.9530979108706 0.20268107950687408
3.7614009380340576 1216.006459101363 0.2126196324825287
2.9182350635528564 1216.0598199461933 0.1884554922580719
1.7420849800109863 1216.1131804453694 0.15495729446411133
1.751084804534912 1216.166540598897 0.14916759729385376
1.0935620069503784 1216.219900406783 0.11818861216306686
0.6021158695220947 1216.2732598690343 0.09353338181972504
0.6268289685249329 1216.3266189856574 0.0956052914261818
0.38282763957977295 1216.3799777566594 0.07573400437831879
0.24536272883415222 1216.4333361820463 0.06147517263889313
0.27224668860435486 1216.4866942618257 0.06891164183616638
0.05923262611031532 1216.5400519960037 0.05106952041387558
0.09458587318658829 1216.5934093845874 0.05238599702715874
0.0024914105888456106 1216.646766427583 0.04532288759946823
0.01896720379590988 1216.7001231249978 0.045420482754707336
-0.029003379866480827 1216.7534794768383 1.3550960829888936e-05
0.046439945697784424 1216.806835483111 0.04379584267735481
-0.022210700437426567 1216.860191143823 1.3930658496974502e-05
0.0019515814492478967 1216.9135464589806 0.036445826292037964
-0.035878971219062805 1216.9669014285905 0.001692156307399273
-0.10814141482114792 1217.02025605266 0.00012525610509328544
-0.025188293308019638 1217.0736103311951 9.574502655596007e-06
-0.14538952708244324 1217.126964264203 0.02277972362935543
-0.025146378204226494 1217.1803178516905 9.722749382490292e-06
0.05688100680708885 1217.2336710936638 0.04488269239664078
-0.025169387459754944 1217.2870239901297 9.937713912222534e-06
-0.021475572139024734 1217.3403765410956 1.3313909221324138e-05
-0.06676975637674332 1217.3937287465674 9.16781573323533e-06
-0.02816198207437992 1217.4470806065522 1.3707202924706507e-05
-0.024596452713012695 1217.5004321210567 9.406815479451325e-06
-0.02461162395775318 1217.5537832900875 9.501484782958869e-06
-0.11724337935447693 1217.6071341136512 7.394752174150199e-06
-0.1043320894241333 1217.6604845917548 1.2593073734024074e-05
-0.09078392386436462 1217.713834724405 7.256258413690375e-06
-0.02129988558590412 1217.767184511608 1.380370304104872e-05
-0.06821317970752716 1217.8205339533713 9.123275958700106e-06
-0.14409080147743225 1217.8738830497007 7.653926331840921e-06
-0.20814761519432068 1217.9272318006037 8.655642886878923e-06
-0.08029522001743317 1217.9805802060873 9.61371188168414e-06
-0.02711317501962185 1218.033928266157 1.3098574527248275e-05
-0.052582837641239166 1218.0872759808203 0.032680097967386246
-0.023656615987420082 1218.1406233500836 9.057946044777054e-06
-0.02711138315498829 1218.193970373954 1.3583728105004411e-05
-0.14734868705272675 1218.247317052438 7.2876919148257e-06
-0.02681688964366913 1218.3006633855418 1.3236068298283499e-05
-0.020175136625766754 1218.3540093732731 1.2529494597401936e-05
-0.025515900924801826 1218.407355015638 0.0006663774838671088
0.0029266399797052145 1218.4607003126434 0.034204743802547455
-0.023636799305677414 1218.5140452642956 9.701780982140917e-06
-0.14665184915065765 1218.5673898706018 0.02529686503112316
-0.02636147476732731 1218.6207341315685 1.3180107998778112e-05
-0.026217510923743248 1218.6740780472026 1.3012085219088476e-05
-0.023165661841630936 1218.7274216175106 9.346119441033807e-06
-0.05073332041501999 1218.7807648424987 7.407729299302446e-06
-0.020033271983265877 1218.8341077221746 1.324773438682314e-05
-0.05056004598736763 1218.8874502565448 7.572149115731008e-06
-0.019906478002667427 1218.9407924456154 1.3224909707787447e-05
-0.02276720479130745 1218.9941342893937 9.212233635480516e-06
-0.019798988476395607 1219.0474757878858 1.3175668755138759e-05
-0.08429302275180817 1219.100816941099 7.159280812629731e-06
-0.02577732317149639 1219.15415774904 1.3484157534549013e-05
-0.08422483503818512 1219.207498211715 7.4684789979073685e-06
-0.1969279646873474 1219.2608383291313 9.464694812777452e-06
-0.04885714128613472 1219.3141781012953 7.361152711382601e-06
-0.049314774572849274 1219.367517528213 7.569698482257081e-06
-0.04875458404421806 1219.4208566098928 7.376501798717072e-06
-0.022402800619602203 1219.4741953463397 9.518739716440905e-06
-0.06744585931301117 1219.5275337375613 6.175307134981267e-06
-0.06783145666122437 1219.5808717835644 6.5209646891162265e-06
-0.02482686936855316 1219.6342094843549 1.2799466276192106e-05
-0.02195923589169979 1219.6875468399405 9.208136361849029e-06
-0.057788997888565063 1219.740883850327 7.623538294865284e-06
-0.058069489896297455 1219.7942205155218 8.853430699673481e-06
-0.05687881261110306 1219.8475568355313 7.246269433380803e-06
0.03966159000992775 1219.9008928103622 0.03696881979703903
-0.02167195826768875 1219.9542284400213 9.232619049726054e-06
-0.056045494973659515 1220.0075637245152 6.968563866394106e-06
-0.057430095970630646 1220.0608986638504 8.736029485589825e-06
-0.0212995707988739 1220.1142332580341 8.925805559556466e-06
-0.018634112551808357 1220.1675675070728 1.2975120625924319e-05
-0.021216513589024544 1220.220901410973 8.977363904705271e-06
-0.07889626175165176 1220.2742349697414 7.13126064511016e-06
0.18489676713943481 1220.327568183385 0.05143077298998833
0.1152845099568367 1220.3809010519105 0.04653971269726753
-0.018174996599555016 1220.4342335753242 1.2550059182103723e-05
-0.06922227889299393 1220.4875657536334 8.760616765357554e-06
-0.0454133003950119 1220.540897586844 7.066078978823498e-06
-0.1454911082983017 1220.5942290749633 6.930063136678655e-06
-0.05448056757450104 1220.6475602179978 7.400517915812088e-06
-0.018285764381289482 1220.700891015954 1.3365854101721197e-05
-0.1466052234172821 1220.7542214688394 6.729715551045956e-06
-0.07083435356616974 1220.8075515766598 0.0019938938785344362
-0.1319786012172699 1220.8608813394221 0.0025615741033107042
-0.05314316600561142 1220.9142107571333 7.093419753800845e-06
-0.054459281265735626 1220.9675398298 8.854442967276555e-06
-0.020459897816181183 1221.020868557429 9.250111361325253e-06
-0.06168053299188614 1221.0741969400262 6.229268365132157e-06
-0.06119336560368538 1221.1275249775993 6.094568107073428e-06
-0.06151725351810455 1221.1808526701545 6.384136213455349e-06
-0.13970419764518738 1221.2341800176987 8.529760634701233e-06
-0.05339418351650238 1221.2875070202385 8.975871423899662e-06
-0.07679102569818497 1221.3408336777804 6.1456380535673816e-06
-0.02004188671708107 1221.3941599903317 9.28640929487301e-06
-0.019861117005348206 1221.4474859578982 9.062198842002545e-06
0.010567366145551205 1221.5008115804874 0.034122828394174576
-0.05190503969788551 1221.5541368581057 8.458965567115229e-06
-0.04305589199066162 1221.6074617907595 7.489003110094927e-06
-0.05399647727608681 1221.6607863784561 8.441249519819394e-06
-0.08192156255245209 1221.7141106212018 6.3002717070048675e-06
-0.05346420034766197 1221.767434519003 8.294913641293533e-06
-0.08123254030942917 1221.8207580718672 1.2223160410940181e-05
-0.01672373153269291 1221.8740812798005 1.241261179529829e-05
-0.019503630697727203 1221.9274041428098 9.355941074318253e-06
-0.0798851028084755 1221.9807266609014 6.0888869484188035e-06
-0.050638288259506226 1222.0340488340828 8.858697583491448e-06
-0.1150924414396286 1222.08737066236 6.959422080399236e-06
-0.13832078874111176 1222.1406921457399 7.251261195051484e-06
-0.053792331367731094 1222.1940132842292 0.0013029861729592085
-0.11416023969650269 1222.2473340778345 0.0009800472762435675
-0.06421683728694916 1222.3006545265628 8.778811206866521e-06
-0.01607203111052513 1222.3539746304205 1.1976311725447886e-05
-0.04065871611237526 1222.4072943894146 7.16364047548268e-06
-0.04016271233558655 1222.460613803551 7.1211975409823935e-06
-0.047764796763658524 1222.5139328728374 6.887145445944043e-06
-0.01861576735973358 1222.5672515972801 9.086061254492961e-06
-0.09018651396036148 1222.6205699768855 8.490693289786577e-06
-0.04851164296269417 1222.6738880116607 8.588717719248962e-06
-0.03915241360664368 1222.727205701612 6.8898943936801516e-06
-0.06687594950199127 1222.7805230467466 6.989168923610123e-06
-0.06149134784936905 1222.8338400470707 8.404100299230777e-06
-0.047016821801662445 1222.887156702591 7.237917998281773e-06
-0.038769811391830444 1222.9404730133147 6.961905000935076e-06
-0.020733147859573364 1222.993788979248 1.3619363926409278e-05
-0.06602395325899124 1223.047104600398 6.856670097477036e-06
-0.01799640990793705 1223.1004198767707 9.050955668499228e-06
-0.04587753489613533 1223.1537348083737 7.015002211119281e-06
-0.08395158499479294 1223.207049395213 7.048377483442891e-06
-0.06739578396081924 1223.2603636372955 5.9183607845625374e-06
-0.05953580141067505 1223.3136775346277 8.474047717754729e-06
-0.04564841464161873 1223.366991087217 7.288341748790117e-06
-0.044910505414009094 1223.4203042950694 7.035885118966689e-06
-0.0840892642736435 1223.4736171581915 7.021932560746791e-06
-0.01984068937599659 1223.5269296765903 1.3060574019618798e-05
-0.051395319402217865 1223.5802418502726 5.905894340685336e-06
-0.03697403892874718 1223.6335536792449 6.889744327054359e-06
-0.036948733031749725 1223.6868651635139 7.16228123565088e-06
-0.01697711832821369 1223.7401763030862 8.556351531296968e-06
-0.06579557806253433 1223.7934870979686 6.2296339820022695e-06
-0.017002902925014496 1223.8467975481678 8.782342774793506e-06
-0.03648681193590164 1223.9001076536906 7.154916147555923e-06
-0.04333602264523506 1223.9534174145433 7.037517661956372e-06
-0.03561410307884216 1224.006726830733 6.812715128035052e-06
-0.04304931312799454 1224.0600359022662 6.832974122517044e-06
-0.0437501035630703 1224.1133446291494 8.839044312480837e-06
-0.0583234466612339 1224.1666530113896 6.598473191843368e-06
-0.049313075840473175 1224.2199610489934 5.855881227034843e-06
-0.05841340869665146 1224.2732687419675 6.979644240345806e-06
-0.04198445379734039 1224.3265760903184 6.860738267278066e-06
-0.041942667216062546 1224.3798830940527 6.812017090851441e-06
-0.0957508459687233 1224.4331897531777 6.945454515516758e-06
-0.041659463196992874 1224.4864960676996 6.874639893794665e-06
-0.033990610390901566 1224.5398020376251 6.507631951535586e-06
-0.01616375520825386 1224.5931076629608 8.693653398950119e-06
-0.03396134823560715 1224.6464129437136 6.732909241691232e-06
-0.053508590906858444 1224.6997178798902 8.233408152591437e-06
-0.07942918688058853 1224.7530224714972 7.948046913952567e-06
-0.06528625637292862 1224.8063267185412 5.246719865681371e-06
-0.013696154579520226 1224.859630621029 1.176627483800985e-05
-0.055280521512031555 1224.9129341789674 6.627937636949355e-06
-0.01563982479274273 1224.9662373923625 8.481798431603238e-06
-0.015589095652103424 1225.019540261222 8.48735544423107e-06
-0.055774107575416565 1225.0728427855513 6.568224762304453e-06
-0.04600568115711212 1225.1261449653582 5.969801804894814e-06
-0.05502050742506981 1225.1794468006487 6.443238817155361e-06
-0.03299350291490555 1225.23274829143 7.094392458384391e-06
-0.013401164673268795 1225.2860494377085 1.1950296538998373e-05
-0.04939655959606171 1225.3393502394906 8.565963980800007e-06
-0.07131808251142502 1225.3926506967832 5.175895239517558e-06
-0.06933307647705078 1225.4459508095936 6.7882838266086765e-06
-0.031765908002853394 1225.4992505779276 6.719471002725186e-06
-0.053971920162439346 1225.552550001792 6.917178325238638e-06
-0.05623384565114975 1225.605849081194 5.7108691180474125e-06
-0.06826488673686981 1225.6591478161397 6.920164651091909e-06
-0.08457289636135101 1225.712446206636 5.870687800779706e-06
-0.043418318033218384 1225.7657442526897 5.845550731464755e-06
-0.06963534653186798 1225.8190419543075 6.682069852104178e-06
-0.0392979234457016 1225.8723393114958 8.139847523125354e-06
-0.03688365966081619 1225.9256363242616 6.607263912883354e-06
-0.04263534024357796 1225.9789329926114 5.674104613717645e-06
-0.01455773413181305 1226.0322293165518 8.464642633043695e-06
-0.012789011001586914 1226.0855252960898 1.20668619274511e-05
-0.04417583346366882 1226.1388209312317 0.022318823263049126
-0.05268897861242294 1226.1921162219842 6.821156603109557e-06
-0.014172833412885666 1226.2454111683542 8.187031198758632e-06
-0.06619240343570709 1226.2987057703485 4.999346401746152e-06
-0.013960102573037148 1226.3520000279734 8.000698471732903e-06
-0.03746028617024422 1226.4052939412356 7.989244295458775e-06
-0.013857226818799973 1226.458587510142 8.00184079707833e-06
-0.015885449945926666 1226.5118807346992 1.2174909898021724e-05
-0.015515083447098732 1226.5651736149136 1.1463686860224698e-05
-0.013920332305133343 1226.6184661507925 8.373396667593624e-06
-0.1076543927192688 1226.6717583423422 8.049166353885084e-06
-0.07706062495708466 1226.7250501895692 6.66610685584601e-06
-0.013854327611625195 1226.7783416924804 8.503413482685573e-06
-0.050870709121227264 1226.8316328510825 5.785568646388128e-06
-0.07012825459241867 1226.884923665382 4.946248736814596e-06
-0.06777790188789368 1226.9382141353856 6.419252258638153e-06
-0.01355117280036211 1226.9915042611003 8.330013770319056e-06
-0.04598017781972885 1227.0447940425322 6.503822987724561e-06
-0.02770032361149788 1227.0980834796887 6.567376203747699e-06
-0.013592408038675785 1227.1513725725758 8.646354217489716e-06
-0.04793639853596687 1227.2046613212003 6.6270017669012304e-06
0.058841075748205185 1227.2579497255695 0.03151937201619148
-0.014797808602452278 1227.3112377856892 1.1682722288242076e-05
-0.04459165781736374 1227.3645255015665 6.407519776985282e-06
-0.02704964578151703 1227.4178128732083 6.588401902263286e-06
-0.08444830775260925 1227.4710999006206 4.933295713271946e-06
-0.027070196345448494 1227.5243865838104 6.93090214554104e-06
-0.07143469899892807 1227.5776729227848 5.616313956124941e-06
-0.07216323167085648 1227.63095891755 4.520006314123748e-06
-0.04436632990837097 1227.684244568113 6.378127636708086e-06
-0.012727745808660984 1227.7375298744796 8.114620868582278e-06
-0.012718528509140015 1227.7908148366575 8.170854925992899e-06
-0.058253295719623566 1227.8440994546531 6.624181423831033e-06
-0.041002508252859116 1227.897383728473 8.340889507962856e-06
-0.025513533502817154 1227.9506676581234 6.435305749619147e-06
-0.04035305604338646 1228.003951243612 7.94976676843362e-06
-0.014133475720882416 1228.0572344849443 1.1997739420621656e-05
-0.07862222194671631 1228.110517382128 4.9298641897621565e-06
-0.0250916238874197 1228.163799935169 6.440489414671902e-06
-0.05799790844321251 1228.2170821440743 8.098704711301252e-06
-0.08077146857976913 1228.2703640088505 6.290017154242378e-06
-0.03124108724296093 1228.3236455295046 7.798745173204225e-06
-0.012161068618297577 1228.3769267060427 8.126105058181565e-06
-0.05503739044070244 1228.430207538472 6.565974672412267e-06
-0.06120167672634125 1228.4834880267983 4.41673728346359e-06
-0.029491828754544258 1228.5367681710295 6.525172011606628e-06
-0.03337075933814049 1228.5900479711713 5.423185939434916e-06
-0.012064467184245586 1228.6433274272308 8.333143341587856e-06
-0.054848812520504 1228.6966065392148 5.524563221115386e-06
-0.02911452203989029 1228.7498853071295 6.713181392115075e-06
-0.05827437341213226 1228.8031637309819 1.0649558134900872e-05
-0.023675410076975822 1228.8564418107785 6.5751128204283305e-06
-0.011605938896536827 1228.9097195465258 7.958498827065341e-06
-0.06199359521269798 1228.9629969382313 5.046052592660999e-06
-0.04479410499334335 1229.0162739859006 5.429141765489476e-06
-0.011620781384408474 1229.0695506895408 8.201661330531351e-06
-0.04431714862585068 1229.1228270491588 4.99124007546925e-06
-0.02858591265976429 1229.176103064761 7.715590072621126e-06
-0.04411928728222847 1229.2293787363542 5.453505309560569e-06
-0.06507226824760437 1229.2826540639448 4.992487902200082e-06
-0.07465913891792297 1229.3359290475398 5.3651297093892936e-06
-0.03721563518047333 1229.3892036871455 0.0011009527370333672
-0.04483378306031227 1229.442477982769 0.0007136049098335207
-0.05216202512383461 1229.4957519344168 6.234606189536862e-06
-0.039196573197841644 1229.5490255420955 5.547453838516958e-06
-0.02667863853275776 1229.6022988058116 6.568676781171234e-06
-0.011045646853744984 1229.6555717255721 8.046867151279002e-06
-0.04628859832882881 1229.7088443013834 5.67010056329309e-06
-0.1242508739233017 1229.7621165332523 7.511819603678305e-06
-0.025880638509988785 1229.8153884211852 8.005094059626572e-06
-0.05951832979917526 1229.868659965189 6.094796844990924e-06
-0.0413740798830986 1229.9219311652705 5.608173523796722e-06
-0.021039798855781555 1229.975202021436 6.414055405912222e-06
-0.04927929490804672 1230.0284725336926 6.305449460342061e-06
-0.06976030021905899 1230.0817427020468 5.239917754806811e-06
-0.021028747782111168 1230.1350125265049 6.698335710098036e-06
-0.025749841704964638 1230.1882820070741 7.711341822869144e-06
-0.024966221302747726 1230.2415511437605 6.460022632381879e-06
-0.028224466368556023 1230.2948199365712 5.533866442419821e-06
-0.04503406584262848 1230.3480883855127 5.5139953474281356e-06
-0.038430843502283096 1230.4013564905918 4.764141976920655e-06
-0.02021525241434574 1230.4546242518147 6.513477273983881e-06
-0.04554586112499237 1230.5078916691887 5.577238425757969e-06
-0.0102727971971035 1230.5611587427202 7.951041880005505e-06
-0.035090528428554535 1230.6144254724159 6.665595719823614e-06
-0.044915229082107544 1230.6676918582818 7.88073884905316e-06
-0.043605610728263855 1230.7209579003256 5.3514759201789275e-06
-0.04177349805831909 1230.7742235985534 6.646730071224738e-06
-0.045580897480249405 1230.8274889529719 6.165800186863635e-06
-0.026593632996082306 1230.8807539635877 5.481685093400301e-06
-0.04048493504524231 1230.934018630408 5.65188429391128e-06
-0.018753524869680405 1230.9872829534384 6.196271442604484e-06
-0.026157166808843613 1231.0405469326865 5.4982106121315155e-06
-0.03301047533750534 1231.0938105681587 6.6438396970625035e-06
-0.025631196796894073 1231.1470738598616 5.4214165174926165e-06
-0.02563847042620182 1231.2003368078017 5.510549726750469e-06
-0.025301052257418633 1231.2535994119855 5.4919464673730545e-06
-0.022359494119882584 1231.3068616724206 6.37837047179346e-06
-0.03450924530625343 1231.3601235891124 4.738959887617966e-06
-0.047223981469869614 1231.4133851620686 4.807568529940909e-06
-0.02469681389629841 1231.4666463912954 5.33244019607082e-06
-0.04215894266963005 1231.5199072767994 5.588262865785509e-06
-0.05334223434329033 1231.5731678185873 4.686490228777984e-06
-0.03099135123193264 1231.6264280166656 6.312006917141844e-06
-0.024213673546910286 1231.6796878710416 5.441033408715157e-06
-0.04419051855802536 1231.7329473817208 6.222815045475727e-06
-0.01734868250787258 1231.786206548711 6.222603133210214e-06
-0.02373173087835312 1231.8394653720184 5.41294866707176e-06
-0.00933162122964859 1231.8927238516494 7.940132491057739e-06
-0.027256203815340996 1231.945981987611 5.9991721172991674e-06
-0.05531773716211319 1231.99923977991 5.254581992630847e-06
-0.0210441704839468 1232.0524972285525 7.714799721725285e-06
-0.016761137172579765 1232.1057543335457 6.277418378886068e-06
-0.027358027175068855 1232.159011094896 6.18775356997503e-06
-0.035691484808921814 1232.21226751261 4.7999315029301215e-06
-0.031036633998155594 1232.2655235866944 4.707036623585736e-06
-0.028765171766281128 1232.318779317156 5.326809514372144e-06
-0.04942045360803604 1232.3720347040012 5.424809842224931e-06
-0.04454558715224266 1232.4252897472365 4.5557117118733e-06
-0.01621364615857601 1232.4785444468691 6.33090894552879e-06
-0.03603633865714073 1232.5317988029055 5.43380701856222e-06
-0.0303383506834507 1232.5850528153524 5.359634087653831e-06
-0.034634239971637726 1232.6383064842155 6.159386430226732e-06
-0.03444472327828407 1232.6915598095031 5.2891077757522e-06
-0.021140532568097115 1232.7448127912203 5.218798378336942e-06
-0.021181726828217506 1232.7980654293747 5.325067832018249e-06
-0.015347646549344063 1232.8513177239727 6.11992118138005e-06
-0.015460011549293995 1232.904569675021 6.309666787274182e-06
-0.046480610966682434 1232.9578212825259 5.104593128635315e-06
-0.015337048098444939 1233.0110725464945 6.362128715409199e-06
-0.02033342979848385 1233.0643234669333 5.21027141076047e-06
-0.03801406919956207 1233.117574043849 5.9627072914736345e-06
-0.04454803094267845 1233.170824277248 4.189239007246215e-06
-0.027551867067813873 1233.224074167137 4.688071385317016e-06
-0.03112824447453022 1233.277323713523 4.592510322254384e-06
-0.031148657202720642 1233.3305729164122 4.817483841179637e-06
-0.030578462406992912 1233.3838217758116 6.081485480535775e-06
-0.03271662816405296 1233.4370702917277 4.756785074278014e-06
-0.02951904758810997 1233.490318464167 5.9473254623299e-06
-0.03230014443397522 1233.5435662931363 4.718146556115244e-06
-0.034131310880184174 1233.5968137786426 4.706162599177333e-06
-0.02442043274641037 1233.6500609206919 5.331001830199966e-06
-0.026308972388505936 1233.7033077192912 5.226222128840163e-06
-0.026091493666172028 1233.7565541744473 4.9490613491798285e-06
-0.018468687310814857 1233.8098002861661 5.147566753294086e-06
-0.03675325587391853 1233.8630460544553 4.78299170936225e-06
-0.008439403027296066 1233.9162914793208 8.543957846995909e-06
-0.031530458480119705 1233.9695365607693 7.043067853373941e-06
-0.01869344711303711 1234.0227812988078 6.08442724114866e-06
-0.027628565207123756 1234.0760256934425 6.3639249674452e-06
-0.027856426313519478 1234.1292697446806 4.6852351260895375e-06
-0.03407996892929077 1234.1825134525286 5.217920715949731e-06
-0.03703074902296066 1234.2357568169923 4.60436876892345e-06
-0.034616075456142426 1234.2889998380797 4.85177361042588e-06
-0.03930511325597763 1234.3422425157967 4.366683697298868e-06
-0.030473271384835243 1234.3954848501496 5.512869392987341e-06
-0.03001439943909645 1234.4487268411458 4.1414973566133995e-06
-0.02824144810438156 1234.5019684887914 4.742102191812592e-06
-0.027668332681059837 1234.5552097930934 4.581235316436505e-06
-0.021413877606391907 1234.6084507540581 5.151615823706379e-06
-0.02776925638318062 1234.6616913716925 7.592962447233731e-06
-0.025374429300427437 1234.7149316460032 5.481568223331124e-06
-0.02125166542828083 1234.7681715769963 6.242660674615763e-06
-0.022545460611581802 1234.8214111646791 4.85777536596288e-06
-0.026480957865715027 1234.874650409058 5.3318976824812125e-06
-0.028257902711629868 1234.9278893101398 4.1962662180594634e-06
-0.016227491199970245 1234.9811278679308 5.371208771975944e-06
-0.015924610197544098 1235.0343660824378 5.238071480562212e-06
-0.021603627130389214 1235.0876039536672 4.692932634497993e-06
-0.025270266458392143 1235.1408414816262 5.30790885022725e-06
-0.025531644001603127 1235.194078666321 4.832043487112969e-06
-0.018130602315068245 1235.2473155077587 5.953900199529016e-06
-0.018189286813139915 1235.3005520059453 6.1320561144384556e-06
-0.032199546694755554 1235.3537881608877 4.678968707594322e-06
-0.023658515885472298 1235.407023972593 5.115395651955623e-06
-0.03117917664349079 1235.4602594410671 3.9660881157033145e-06
-0.02336195856332779 1235.513494566317 5.197097380005289e-06
-0.02906237356364727 1235.5667293483493 4.2754149944812525e-06
-0.013058362528681755 1235.6199637871707 7.544178970420035e-06
-0.023509105667471886 1235.673197882788 4.676605840359116e-06
-0.023361461237072945 1235.7264316352073 4.64918366560596e-06
-0.02618066594004631 1235.7796650444354 6.056280199118191e-06
-0.022830571979284286 1235.8328981104794 4.548809101834195e-06
-0.029025835916399956 1235.886130833346 3.81758536605048e-06
-0.0218806155025959 1235.9393632130407 4.695602456195047e-06
-0.010729440487921238 1235.9925952495712 5.974080067971954e-06
-0.023495720699429512 1236.0458269429441 5.089629667054396e-06
-0.02094128727912903 1236.0990582931656 5.940256869507721e-06
-0.01747061498463154 1236.1522893002425 5.921647243667394e-06
-0.021537333726882935 1236.2055199641816 5.136779236636357e-06
-0.03423485532402992 1236.2587502849892 5.682717983290786e-06
-0.02451421320438385 1236.3119802626723 5.892124136153143e-06
-0.015223569236695766 1236.3652098972373 5.88245256949449e-06
-0.015143591910600662 1236.4184391886909 5.896341917832615e-06
-0.01309845969080925 1236.4716681370398 5.014766884414712e-06
-0.021108048036694527 1236.5248967422904 6.094709078752203e-06
-0.022568732500076294 1236.5781250044495 4.0111481212079525e-06
-0.014229735359549522 1236.6313529235238 7.416199423460057e-06
-0.016173550859093666 1236.6845804995198 5.790741397504462e-06
-0.01629677414894104 1236.7378077324445 5.964229785604402e-06
-0.027000075206160545 1236.791034622304 4.987341071682749e-06
-0.02659996598958969 1236.844261169105 4.054720648127841e-06
-0.009776915423572063 1236.8974873728546 5.918576334806858e-06
-0.012405476532876492 1236.950713233559 5.123041773913428e-06
-0.021211767569184303 1237.0039387512252 4.594064648699714e-06
-0.012418992817401886 1237.0571639258592 5.3056069191370625e-06
-0.006555953528732061 1237.1103887574684 7.3378296292503364e-06
-0.018648721277713776 1237.163613246059 5.1450620048854034e-06
-0.006523889489471912 1237.2168373916375 7.329267646127846e-06
-0.02322642132639885 1237.270061194211 3.6740361792908516e-06
-0.015713335946202278 1237.3232846537855 4.6199893404264e-06
-0.00934144388884306 1237.3765077703683 5.9755002439487725e-06
-0.017325524240732193 1237.4297305439657 4.9289146772935055e-06
-0.019375117495656013 1237.4829529745841 4.059394996147603e-06
-0.020333996042609215 1237.5361750622305 4.390596586745232e-06
-0.014138015918433666 1237.5893968069115 4.940831786370836e-06
-0.01880730874836445 1237.6426182086336 3.953800842282362e-06
-0.011336076073348522 1237.6958392674035 5.114746272738557e-06
-0.02074395678937435 1237.7490599832277 4.4117118704889435e-06
-0.014361717738211155 1237.802280356113 4.356307726993691e-06
-0.02118687890470028 1237.855500386066 3.6258879845263436e-06
-0.016805747523903847 1237.9087200730933 4.625887868314749e-06
-0.005980656482279301 1237.9619394172014 9.968297490559053e-06
-0.016299879178404808 1238.0151584183973 5.2113018682575785e-06
-0.012051557190716267 1238.0683770766873 5.6960293477459345e-06
-0.018180571496486664 1238.121595392078 4.944136890117079e-06
-0.020185694098472595 1238.1748133645763 3.6988972169638146e-06
-0.010466368868947029 1238.2280309941884 4.957970759278396e-06
-0.019492918625473976 1238.2812482809213 4.4938810788153205e-06
-0.013484710827469826 1238.3344652247818 4.541328507912112e-06
-0.01709451712667942 1238.3876818257759 4.148399511905154e-06
-0.016983047127723694 1238.4408980839105 4.198830993118463e-06
-0.010299001820385456 1238.4941139991927 5.148400305188261e-06
-0.016483653336763382 1238.5473295716286 3.984812337876065e-06
-0.01497647725045681 1238.6005448012247 5.078726644569542e-06
-0.008199101313948631 1238.653759687988 5.793818672827911e-06
-0.013083799742162228 1238.7069742319252 5.003474598197499e-06
-0.006361356005072594 1238.7601884330425 7.512574029533425e-06
-0.014486578293144703 1238.8134022913468 4.993598395230947e-06
-0.010724347084760666 1238.8666158068445 7.19203444532468e-06
-0.02153150364756584 1238.9198289795427 6.922343800397357e-06
-0.009171280078589916 1238.9730418094477 5.9471149143064395e-06
-0.020327046513557434 1239.026254296566 5.826206688652746e-06
-0.015795817598700523 1239.0794664409045 4.523368716036202e-06
-0.01729675941169262 1239.1326782424696 5.772460099251475e-06
-0.013992054387927055 1239.1858897012683 5.059869636170333e-06
-0.016651688143610954 1239.2391008173067 4.473291028261883e-06
-0.009367323480546474 1239.2923115905917 5.050433628639439e-06
-0.01718045584857464 1239.34552202113 6.03877106186701e-06
-0.01494612917304039 1239.398732108928 4.416164756548824e-06
-0.008802148513495922 1239.4519418539924 5.997919743094826e-06
-0.011391992680728436 1239.50515125633 4.39523773820838e-06
-0.013365284539759159 1239.558360315947 5.034279638493899e-06
-0.009917433373630047 1239.6115690328509 5.762543878518045e-06
-0.011189810931682587 1239.664777407047 4.4396210796548985e-06
-0.01509181223809719 1239.7179854385433 4.567775704344967e-06
-0.016029344871640205 1239.7711931273454 3.7366346532508032e-06
-0.014416676945984364 1239.8244004734606 4.578541847877204e-06
-0.010854566469788551 1239.877607476895 4.3919858399021905e-06
-0.012861071154475212 1239.9308141376555 4.607652499544201e-06
-0.015535330399870872 1239.9840204557486 3.6732799344463274e-06
-0.015703273937106133 1240.037226431181 5.009899268770823e-06
-0.01149494107812643 1240.0904320639595 5.549592515308177e-06
-0.0128113878890872 1240.1436373540903 5.222677373240003e-06
-0.012251059524714947 1240.19684230158 4.377706318337005e-06
-0.014772361144423485 1240.250046906436 5.151649020262994e-06
-0.014551126398146152 1240.303251168664 4.017862465843791e-06
-0.013515159487724304 1240.3564550882713 4.961771537637105e-06
-0.014851374551653862 1240.4096586652643 3.7446354781422997e-06
-0.014074067585170269 1240.462861899649 4.411557711136993e-06
-0.018902426585555077 1240.5160647914329 4.958014869771432e-06
-0.012099450454115868 1240.5692673406222 4.6401232793868985e-06
-0.012546445243060589 1240.6224695472238 3.974197625211673e-06
-0.011920265853404999 1240.675671411244 4.58150452686823e-06
-0.012499899603426456 1240.7288729326892 4.076975073985523e-06
-0.013945311307907104 1240.7820741115665 4.037757662445074e-06
-0.009790975600481033 1240.8352749478825 4.419191554916324e-06
-0.013821869157254696 1240.888475441644 4.062631433043862e-06
-0.013711459934711456 1240.9416755928569 3.998545707872836e-06
-0.014116819016635418 1240.994875401528 5.001640147384023e-06
-0.009453140199184418 1241.0480748676646 4.29171632276848e-06
-0.013929598964750767 1241.1012739912726 4.921063919027802e-06
-0.0063729556277394295 1241.1544727723592 7.494266810681438e-06
-0.007908719591796398 1241.2076712109301 4.905137757305056e-06
-0.013530949130654335 1241.2608693069928 3.6346127672004513e-06
-0.008056459948420525 1241.3140670605537 5.11627649757429e-06
-0.011702990159392357 1241.3672644716191 3.923649273929186e-06
-0.009352471679449081 1241.4204615401961 4.900619842373999e-06
-0.01593046262860298 1241.4736582662908 4.39034920418635e-06
-0.009317201562225819 1241.5268546499103 4.531913418759359e-06
-0.012353920377790928 1241.580050691061 4.289347089070361e-06
-0.011824498884379864 1241.6332463897493 4.197161615593359e-06
-0.010625437833368778 1241.6864417459822 5.470148607855663e-06
-0.01298015471547842 1241.739636759766 4.843615442950977e-06
-0.008878524415194988 1241.7928314311075 4.886070200882386e-06
-0.012964733876287937 1241.8460257600132 4.019650987174828e-06
-0.013798549771308899 1241.8992197464897 3.996513441961724e-06
-0.011795337311923504 1241.9524133905438 4.4803432501794305e-06
-0.009829503484070301 1242.0056066921823 5.801735824206844e-06
-0.013018562458455563 1242.058799651411 3.7899030758126173e-06
-0.013709700666368008 1242.1119922682374 4.408537733979756e-06
-0.007588534150272608 1242.1651845426672 4.8266992962453514e-06
-0.008829930797219276 1242.218376474708 4.431757133716019e-06
-0.0086996890604496 1242.2715680643657 4.319707386457594e-06
-0.00773721095174551 1242.3247593116475 5.015291662857635e-06
-0.011253497563302517 1242.3779502165594 4.024980626127217e-06
-0.011839780956506729 1242.431140779108 4.429462023836095e-06
-0.008534260094165802 1242.484330999301 4.7875232667138334e-06
-0.010975289158523083 1242.5375208771436 4.065373559569707e-06
-0.011280995793640614 1242.5907104126434 4.356767931312788e-06
-0.011132342740893364 1242.6438996058062 3.940443548344774e-06
-0.007717382628470659 1242.6970884566392 5.012230303691467e-06
-0.013644786551594734 1242.750276965149 4.040844487462891e-06
-0.014505717903375626 1242.803465131342 4.260863079252886e-06
-0.00941570196300745 1242.856652955225 6.953483534744009e-06
-0.011890369467437267 1242.909840436804 4.252685812389245e-06
-0.017503218725323677 1242.9630275760865 5.5136474657047074e-06
-0.007353346794843674 1243.0162143730784 5.696202606486622e-06
-0.013505772687494755 1243.069400827787 3.8932953430048656e-06
-0.010427739471197128 1243.122586940218 4.2822202885872684e-06
-0.011768893338739872 1243.1757727103789 4.345400611782679e-06
-0.011267179623246193 1243.2289581382759 4.006200015282957e-06
-0.011277332901954651 1243.2821432239155 4.201212959742406e-06
-0.013628574088215828 1243.3353279673047 3.974477294832468e-06
-0.013495990075170994 1243.3885123684495 3.854906481137732e-06
-0.0077787223272025585 1243.441696427357 4.956634256814141e-06
-0.010927441529929638 1243.4948801440337 4.186937076156028e-06
-0.010696405544877052 1243.548063518486 3.924705652025295e-06
-0.012752987444400787 1243.601246550721 3.6064657251699828e-06
-0.011176178231835365 1243.6544292407445 4.2839583329623565e-06
-0.011357972398400307 1243.707611588564 4.2690826376201585e-06
-0.013600959442555904 1243.7607935941858 3.983143869845662e-06
-0.013145029544830322 1243.813975257616 3.8991515793895815e-06
-0.010648385621607304 1243.8671565788618 4.311953034630278e-06
-0.011487257666885853 1243.9203375579298 3.9003489291644655e-06
-0.010754857212305069 1243.973518194826 3.879868472722592e-06
-0.014526848681271076 1244.026698489558 4.226482815283816e-06
-0.01388288289308548 1244.0798784421313 3.805354708674713e-06
-0.013213017955422401 1244.133058052553 3.672709908641991e-06
-0.014084967784583569 1244.1862373208298 3.903023298335029e-06
-0.008670776151120663 1244.2394162469684 4.314770649216371e-06
-0.013299851678311825 1244.2925948309753 3.6331241517473245e-06
-0.013574685901403427 1244.345773072857 3.8028956623747945e-06
-0.010952354408800602 1244.3989509726198 3.85839894079254e-06
-0.014235863462090492 1244.452128530271 3.7081306345498888e-06
-0.014159080572426319 1244.5053057458167 4.7529492803732865e-06
-0.012900207191705704 1244.5584826192637 4.336990514275385e-06
-0.008867122232913971 1244.6116591506186 4.345115030446323e-06
-0.012088559567928314 1244.664835339888 3.7908384911133908e-06
-0.014593793079257011 1244.7180111870784 3.9947381083038636e-06
-0.007609151303768158 1244.7711866921966 5.526327640836826e-06
-0.011342362500727177 1244.8243618552485 4.326640009821858e-06
-0.01135289017111063 1244.8775366762416 3.917762569471961e-06
-0.012931051664054394 1244.9307111551825 4.399504632601747e-06
-0.008942506276071072 1244.983885292077 4.182645170658361e-06
-0.015223708003759384 1245.0370590869325 3.802135779551463e-06
-0.012825549580156803 1245.090232539755 4.804658146895235e-06
-0.014904196374118328 1245.1434056505516 3.930183083866723e-06
-0.014898308552801609 1245.1965784193285 3.804547304753214e-06
-0.01570736989378929 1245.2497508460926 4.019079824502114e-06
-0.014534284360706806 1245.3029229308502 3.5120124266541097e-06
-0.017284812405705452 1245.3560946736081 5.275856892694719e-06
-0.015879807993769646 1245.409266074373 3.841071702481713e-06
-0.014749999158084393 1245.4624371331513 3.444982212386094e-06
-0.015084225684404373 1245.5156078499494 3.585492777347099e-06
-0.01930408366024494 1245.5687782247746 4.633748631022172e-06
-0.014275346882641315 1245.6219482576325 4.2785673031175975e-06
-0.013803878799080849 1245.675117948531 3.905853191099595e-06
-0.01603907160460949 1245.7282872974754 3.900415777025046e-06
-0.016634991392493248 1245.781456304473 3.7175695979385637e-06
-0.016957756131887436 1245.8346249695303 4.016026196040912e-06
-0.01234910823404789 1245.887793292654 3.754265435418347e-06
-0.012610910460352898 1245.9409612738502 3.88397165806964e-06
-0.01435733400285244 1245.9941289131257 3.869165539072128e-06
-0.01622036285698414 1246.0472962104877 3.6248923152015777e-06
-0.01830686256289482 1246.100463165942 4.0673626244824845e-06
-0.01412060484290123 1246.1536297794958 4.853448899666546e-06
-0.015766289085149765 1246.2067960511552 4.004172751592705e-06
-0.009821337647736073 1246.259961980927 4.782838459505001e-06
-0.01027393527328968 1246.313127568818 4.19548450736329e-06
-0.016971856355667114 1246.3662928148344 3.616586582211312e-06
-0.01327392179518938 1246.4194577189833 3.797843419306446e-06
-0.01974443532526493 1246.4726222812708 4.300098225940019e-06
-0.014524910598993301 1246.5257865017036 4.173136403551325e-06
-0.0101513946428895 1246.5789503802885 4.756727321364451e-06
-0.018531780689954758 1246.632113917032 3.8696603041898925e-06
-0.013961149379611015 1246.6852771119409 4.167669430898968e-06
-0.010870726779103279 1246.7384399650214 4.202568561595399e-06
-0.018798597157001495 1246.79160247628 3.7166246329434216e-06
-0.01905905269086361 1246.844764645724 3.9186775211419445e-06
-0.014033452607691288 1246.8979264733593 3.6773894862562884e-06
-0.014430631883442402 1246.9510879591928 3.9117203414207324e-06
-0.018593184649944305 1247.0042491032307 3.502387926346273e-06
-0.02146206609904766 1247.0574099054804 4.2571186895656865e-06
-0.01887396164238453 1247.1105703659478 3.4547908853710396e-06
-0.014841074123978615 1247.1637304846397 3.885388196067652e-06
-0.01645747572183609 1247.2168902615629 4.66170558865997e-06
-0.02029499039053917 1247.2700496967238 3.844299953925656e-06
-0.015392811968922615 1247.3232087901288 4.2505698729655705e-06
-0.020956801250576973 1247.3763675417847 3.954843123210594e-06
-0.016544612124562263 1247.4295259516982 4.682929557020543e-06
-0.015581818297505379 1247.4826840198755 3.903354354406474e-06
-0.020317140966653824 1247.5358417463237 3.5173536616639467e-06
-0.015993423759937286 1247.588999131049 4.217793502903078e-06
-0.015857066959142685 1247.642156174058 3.815385298366891e-06
-0.021261487156152725 1247.695312875358 5.312953817337984e-06
-0.018900249153375626 1247.7484692349547 3.6931271552020917e-06
-0.012371592223644257 1247.8016252528546 5.529174359253375e-06
-0.01189542468637228 1247.854780929065 4.565104973153211e-06
-0.021849291399121284 1247.907936263592 3.6093988455832005e-06
-0.02195216529071331 1247.961091256443 3.603697678045137e-06
-0.02180810645222664 1248.0142459076235 4.084406555193709e-06
-0.016953103244304657 1248.0674002171404 3.8083026083768345e-06
-0.02244902029633522 1248.1205541850009 3.4923514249385335e-06
-0.022676981985569 1248.1737078112108 3.49229321727762e-06
-0.024016454815864563 1248.2268610957772 3.7548165892076213e-06
-0.021815897896885872 1248.280014038706 4.239263944327831e-06
-0.023245951160788536 1248.333166640005 3.4518934626248665e-06
-0.012594541534781456 1248.3863188996795 4.682669896283187e-06
-0.018148450180888176 1248.439470817737 4.1407042772334535e-06
-0.0257192961871624 1248.4926223941836 4.728362455352908e-06
-0.025452377274632454 1248.545773629026 4.8696879275667015e-06
-0.018460705876350403 1248.5989245222709 4.330887804826489e-06
-0.024743834510445595 1248.6520750739248 3.6073392948310357e-06
-0.00512591190636158 1248.7052252839942 4.282387635612395e-06
-0.016983408480882645 1248.7583751524858 4.593910944095114e-06
-0.004089538473635912 1248.8115246794064 3.842376372631406e-06
-0.3817214071750641 1248.8646738647622 3.9221945371537e-06
-0.004715409129858017 1248.9178227085595 2.52557356361649e-06
-0.005022846627980471 1248.9709712108058 2.876483449654188e-06
-0.005031084641814232 1249.024119371507 3.205297844033339e-06
-0.0050110951997339725 1249.0772671906702 2.870740445359843e-06
-0.005018740426748991 1249.1304146683015 2.419126985842013e-06
