flux wave error
-0.012629840523004532 1194.5808272235417 5.355100256565493e-06
-0.012613731436431408 1194.6343272197703 5.125218649482122e-06
-0.01260097324848175 1194.6878268676326 4.799465386895463e-06
-0.012098157778382301 1194.7413261671356 5.562142177950591e-06
-0.006153907161206007 1194.7948251182859 7.632635060872417e-06
0.008113455958664417 1194.8483237210908 7.780258783895988e-06
-0.03239995986223221 1194.9018219755567 7.075784196786117e-06
-0.03892481327056885 1194.9553198816905 7.0454771048389375e-06
-0.025615746155381203 1195.008817439499 6.655459856119705e-06
-0.06850238889455795 1195.062314648989 7.882147656346206e-06
-0.07267104834318161 1195.1158115101675 6.970847607590258e-06
-0.05454408377408981 1195.1693080230407 6.8989343162684236e-06
-0.05455613136291504 1195.222804187616 7.263244697242044e-06
-0.05641377717256546 1195.2763000039001 7.2977441050170455e-06
-0.06458284705877304 1195.3297954718998 7.238083071570145e-06
-0.07939979434013367 1195.383290591622 9.846783541433979e-06
-0.07835807651281357 1195.4367853630729 6.816682343924185e-06
-0.06292124092578888 1195.4902797862599 6.804438726248918e-06
-0.09337043762207031 1195.54377386119 8.791698746790644e-06
-0.036336615681648254 1195.597267587869 1.0342371751903556e-05
-0.020254766568541527 1195.6507609663047 1.3466143172990996e-05
-0.04847711697220802 1195.7042539965037 7.442300557158887e-06
-0.07698637992143631 1195.7577466784724 6.943055723240832e-06
-0.09088363498449326 1195.8112390122178 8.78658738656668e-06
-0.08495338261127472 1195.8647309977468 6.6247503127669916e-06
-0.08010324090719223 1195.9182226350663 7.195180842245463e-06
-0.07172910869121552 1195.9717139241825 7.29561224943609e-06
-0.060740627348423004 1196.025204865103 8.118598088913132e-06
-0.07560839504003525 1196.0786954578343 7.1220588324649725e-06
-0.09989673644304276 1196.132185702383 6.34575462754583e-06
-0.1144196093082428 1196.185675598756 7.403458766930271e-06
-0.058227211236953735 1196.2391651469602 7.917398761492223e-06
-0.05113579332828522 1196.2926543470026 8.534849257557653e-06
-0.05143611878156662 1196.3461431988894 8.4393550423556e-06
-0.054094236344099045 1196.3996317026279 8.23007485450944e-06
-0.05308321490883827 1196.4531198582245 8.192320819944143e-06
-0.08331794291734695 1196.5066076656865 7.2265338530996814e-06
-0.05888274684548378 1196.5600951250203 7.965405529830605e-06
-0.08039793372154236 1196.6135822362328 8.776526556175668e-06
-0.0686517059803009 1196.667068999331 8.309032637043856e-06
-0.07042346894741058 1196.7205554143213 8.369840543309692e-06
-0.052377305924892426 1196.7740414812108 1.0396031939308159e-05
-0.08647870272397995 1196.8275272000064 7.808456757629756e-06
-0.0839114561676979 1196.8810125707146 7.50690787754138e-06
-0.054374899715185165 1196.934497593342 8.292918209917843e-06
-0.054449744522571564 1196.987982267896 8.414246622123756e-06
-0.057297516614198685 1197.041466594383 9.540575774735771e-06
-0.042725078761577606 1197.09495057281 9.097458132600877e-06
-0.050174448639154434 1197.1484342031836 1.4264808669395279e-05
-0.05232835188508034 1197.2019174855106 1.0437680430186447e-05
-0.05040293186903 1197.255400419798 1.147591228800593e-05
-0.02545815519988537 1197.3088830060524 1.1458390872576274e-05
-0.05074997618794441 1197.3623652442807 1.0494421985640656e-05
-0.03164847940206528 1197.4158471344897 9.667654921940994e-06
-0.051863569766283035 1197.469328676686 9.044448233908042e-06
-0.03238307684659958 1197.522809870877 9.868450433714315e-06
-0.07967749238014221 1197.5762907170686 1.134797821578104e-05
-0.081047423183918 1197.6297712152682 8.183614227164071e-06
-0.039731573313474655 1197.6832513654822 1.1756739695556462e-05
-0.05587160587310791 1197.7367311677178 9.111614417633973e-06
-0.06379473954439163 1197.7902106219817 8.36065646581119e-06
-0.027827728539705276 1197.8436897282804 1.2507128303695936e-05
-0.08526264876127243 1197.897168486621 8.239939234044868e-06
-0.05358167365193367 1197.95064689701 9.953088920156006e-06
-0.06459693610668182 1198.0041249594547 9.914496331475675e-06
-0.060456208884716034 1198.0576026739618 8.34916590974899e-06
-0.06157722324132919 1198.1110800405372 1.0974451470247004e-05
-0.10964206606149673 1198.1645570591888 1.0117810234078206e-05
-0.07553638517856598 1198.2180337299228 8.196217095246539e-06
-0.05382250249385834 1198.2715100527462 1.126441202359274e-05
-0.07346361130475998 1198.3249860276655 1.0817778274940792e-05
-0.06581998616456985 1198.3784616546877 9.597381904313806e-06
-0.09673002362251282 1198.43193693382 7.321173598029418e-06
-0.06636395305395126 1198.4854118650685 9.626922292227391e-06
-0.038387399166822433 1198.5388864484403 9.777308150660247e-06
-0.07737385481595993 1198.5923606839424 8.242697731475346e-06
-0.061013560742139816 1198.645834571581 1.2883150702691637e-05
-0.07588893920183182 1198.6993081113635 7.912261935416609e-06
-0.06732681393623352 1198.7527813032966 9.204100933857262e-06
-0.05799861252307892 1198.8062541473867 9.5806035460555e-06
-0.06035930663347244 1198.8597266436407 1.2011440048809163e-05
-0.04809238389134407 1198.9131987920655 9.057712304638699e-06
-0.07633236050605774 1198.966670592668 1.1882535545737483e-05
-0.06673967093229294 1199.020142045455 1.026689733407693e-05
-0.025839485228061676 1199.073613150433 1.1960434676439036e-05
-0.02609672211110592 1199.127083907609 1.2095637430320494e-05
-0.027322283014655113 1199.1805543169896 1.2215085916977841e-05
-0.027671415358781815 1199.234024378582 1.1584997992031276e-05
-0.05931457132101059 1199.2874940923925 8.833662832330447e-06
-0.04053739830851555 1199.3409634584282 9.543387022858951e-06
-0.0422506146132946 1199.3944324766958 1.1134165106341243e-05
-0.027100389823317528 1199.447901147202 1.2132889423810411e-05
-0.0952603742480278 1199.5013694699537 9.83578593150014e-06
-0.04073445498943329 1199.5548374449577 1.1917021765839309e-05
-0.030764399096369743 1199.6083050722204 1.0199840289715212e-05
-0.07375035434961319 1199.6617723517493 1.031112242344534e-05
-0.07290522754192352 1199.7152392835508 8.15803559817141e-06
-0.08840730041265488 1199.7687058676313 1.0492570254427847e-05
-0.03448152169585228 1199.8221721039981 1.3618322554975748e-05
-0.09406856447458267 1199.875637992658 9.736892934597563e-06
-0.043173640966415405 1199.9291035336175 9.427174518350512e-06
-0.047786347568035126 1199.9825687268835 1.0182488040300086e-05
-0.028010131791234016 1200.036033572463 1.3405111531028524e-05
-0.07425931841135025 1200.0894980703624 8.352180884685367e-06
-0.08642464131116867 1200.142962220589 8.134618838084862e-06
-0.04360625520348549 1200.1964260231487 9.344266800326295e-06
-0.08612386137247086 1200.2498894780492 1.1780824934248812e-05
-0.04405130818486214 1200.3033525852966 8.981583960121498e-06
-0.10712984204292297 1200.3568153448982 9.477014828007668e-06
-0.0786178708076477 1200.4102777568608 8.137027180055156e-06
-0.05359294265508652 1200.4637398211905 1.0805779311340302e-05
-0.03279593959450722 1200.5172015378948 1.021609568852e-05
-0.072759710252285 1200.57066290698 9.922739991452545e-06
-0.08433130383491516 1200.6241239284532 8.227839316532481e-06
-0.04823412001132965 1200.6775846023213 1.3883976862416603e-05
-0.07929597049951553 1200.7310449285908 1.0335666047467384e-05
-0.07912153005599976 1200.7845049072682 8.952872121881228e-06
-0.06260441243648529 1200.8379645383611 7.97491884441115e-06
-0.02535589039325714 1200.8914238218756 1.3475277228280902e-05
-0.14536210894584656 1200.9448827578185 9.398630027135368e-06
-0.08875377476215363 1200.9983413461969 7.725981959083583e-06
-0.03853749856352806 1201.0517995870175 1.4995713172538672e-05
-0.06928625702857971 1201.1052574802866 9.275363481719978e-06
-0.08915345370769501 1201.158715026012 9.334550668427255e-06
-0.07797566801309586 1201.2121722241993 9.666120604379103e-06
-0.055601976811885834 1201.2656290748562 1.1388025086489506e-05
-0.06737518310546875 1201.3190855779892 1.1507480849104468e-05
-0.06969974935054779 1201.3725417336047 8.842712304613087e-06
-0.06887675076723099 1201.42599754171 1.0810470485012047e-05
-0.08498688787221909 1201.4794530023116 9.37880849960493e-06
-0.09259476512670517 1201.5329081154166 8.022301699384116e-06
-0.04699988663196564 1201.586362881031 9.577367563906591e-06
-0.03647509962320328 1201.6398172991624 1.5041965525597334e-05
-0.04719879478216171 1201.6932713698172 8.682000043336302e-06
-0.03271489962935448 1201.7467250930024 1.2878448615083471e-05
-0.06645308434963226 1201.8001784687242 9.578508070262615e-06
-0.08172691613435745 1201.8536314969901 8.317798346979544e-06
-0.032568447291851044 1201.9070841778068 1.2455975593184121e-05
-0.03185734525322914 1201.9605365111804 1.0895024388446473e-05
-0.09210620075464249 1202.0139884971181 8.697226803633384e-06
-0.026530252769589424 1202.067440135627 1.2452514056349173e-05
-0.06542558968067169 1202.1208914267136 9.927461178449448e-06
-0.026431944221258163 1202.1743423703845 1.2170728041382972e-05
-0.059986889362335205 1202.2277929666466 8.943422471929807e-06
-0.04955656826496124 1202.2812432155067 1.0733004273788538e-05
-0.03325406834483147 1202.3346931169717 1.276790862902999e-05
-0.08473668247461319 1202.388142671048 8.70161602506414e-06
-0.03283201530575752 1202.4415918777427 1.2256626177986618e-05
-0.1087130531668663 1202.4950407370625 9.650236279412638e-06
-0.06965223699808121 1202.5484892490142 9.92469176708255e-06
-0.03172174468636513 1202.6019374136047 1.0205902071902528e-05
-0.07588417828083038 1202.6553852308402 1.0458260476298165e-05
-0.026028309017419815 1202.7088327007282 1.7142490833066404e-05
-0.08698029816150665 1202.7622798232749 1.2403939763316885e-05
-0.06957914680242538 1202.8157265984876 8.211434760596603e-06
-0.03851482272148132 1202.8691730263727 1.130174769059522e-05
-0.04965062066912651 1202.922619106937 8.5031706476002e-06
-0.11584536731243134 1202.9760648401873 7.932901098683942e-06
-0.0233402531594038 1203.0295102261305 1.4325251868285704e-05
-0.07571306824684143 1203.0829552647729 9.051694178197067e-06
-0.06812874227762222 1203.136399956122 8.949784387368709e-06
-0.038779716938734055 1203.1898443001842 1.1082475793955382e-05
-0.06098155677318573 1203.2432882969663 1.2144247193646152e-05
-0.05822199583053589 1203.2967319464751 1.1050376087951008e-05
-0.03229488804936409 1203.350175248717 1.0098799066327047e-05
-0.0319894440472126 1203.4036182036994 9.70047949522268e-06
-0.0365494005382061 1203.4570608114288 1.1382349839550443e-05
-0.04098969325423241 1203.510503071912 1.3760780348093249e-05
-0.09713160991668701 1203.563944985155 7.564437964902027e-06
-0.03614693135023117 1203.6173865511662 9.236999176209792e-06
-0.06714329868555069 1203.6708277699508 9.136510016105603e-06
-0.04880974441766739 1203.7242686415163 8.901100954972208e-06
-0.03361458331346512 1203.7777091658695 1.4617389751947485e-05
-0.027791816741228104 1203.8311493430172 1.1499198990350123e-05
-0.028591880574822426 1203.884589172966 1.2646594768739305e-05
-0.05736866965889931 1203.9380286557225 1.0873289284063503e-05
-0.03621259331703186 1203.9914677912936 1.7654600014793687e-05
-0.2223222851753235 1204.0449065796863 0.004259595647454262
-0.05082842707633972 1204.098345020907 8.75851128512295e-06
-0.036406464874744415 1204.1517831149627 9.085310921363998e-06
-0.06161685660481453 1204.2052208618602 8.351415999641176e-06
-0.030300427228212357 1204.258658261606 1.0636017577780876e-05
-0.013963339850306511 1204.312095314207 2.5746501705725677e-05
-0.04374944046139717 1204.3655320196701 0.0014182527083903551
-0.04056121036410332 1204.418968378002 1.2352317753538955e-05
-0.03479157015681267 1204.4724043892095 1.0833167834789492e-05
-0.08616690337657928 1204.5258400532991 9.146072443400044e-06
-0.06423579156398773 1204.5792753702779 8.39949007058749e-06
-0.032868240028619766 1204.6327103401525 9.901106750476174e-06
-0.03049112670123577 1204.6861449629298 1.0396649486210663e-05
-0.0824417844414711 1204.7395792386164 9.346951628685929e-06
-0.028203055262565613 1204.793013167219 1.679764682194218e-05
-0.07841672003269196 1204.8464467487447 8.46727652970003e-06
-0.03147924691438675 1204.8998799831998 1.3735560969507787e-05
-0.036714255809783936 1204.9533128705914 1.7241633031517267e-05
-0.02369355596601963 1205.0067454109262 1.347203397017438e-05
-0.09873463213443756 1205.0601776042108 8.459815035166685e-06
-0.029103439301252365 1205.1136094504523 1.6311441868310794e-05
-0.034831300377845764 1205.1670409496571 1.0332968486181926e-05
-0.03435089439153671 1205.2204721018322 1.1935260772588663e-05
-0.03172817453742027 1205.2739029069844 1.3498583030013833e-05
-0.09830588102340698 1205.3273333651202 8.188647370843682e-06
-0.06256575882434845 1205.3807634762463 8.176324627129361e-06
-0.08075156807899475 1205.43419324037 7.526085482822964e-06
-0.07485746592283249 1205.4876226574975 9.023872735269833e-06
-0.07408668100833893 1205.5410517276362 8.220817107940093e-06
-0.0855446457862854 1205.594480450792 1.3154117368685547e-05
-0.03700542822480202 1205.6479088269723 9.025711733556818e-06
-0.03919075429439545 1205.7013368561836 1.3631713045469951e-05
-0.033294398337602615 1205.7547645384327 1.1884035302500706e-05
-0.08344925194978714 1205.8081918737264 8.647557478980161e-06
-0.039831724017858505 1205.8616188620715 1.0509132152947132e-05
-0.03542352840304375 1205.9150455034746 9.297267752117477e-06
-0.06565814465284348 1205.9684717979426 8.628260729892645e-06
-0.03145132586359978 1206.0218977454822 1.3177486835047603e-05
-0.054998744279146194 1206.0753233461005 1.0024903531302698e-05
-0.0559530034661293 1206.1287485998039 1.1868872206832748e-05
-0.03294006362557411 1206.1821735065987 9.506756214250345e-06
-0.036596547812223434 1206.2355980664925 1.5914914911263622e-05
-0.06288772076368332 1206.2890222794917 7.738231033727061e-06
-0.03509241342544556 1206.342446145603 9.793332537810784e-06
-0.03559582680463791 1206.395869664833 9.555484211887233e-06
-0.03558168560266495 1206.449292837189 9.526987014396582e-06
-0.09711456298828125 1206.5027156626772 0.00203960994258523
-0.03661622107028961 1206.5561381413052 8.492973393003922e-06
-0.08358948677778244 1206.6095602730784 1.0054031008621678e-05
-0.039879195392131805 1206.6629820580047 1.3341106750885956e-05
-0.08871297538280487 1206.7164034960904 1.1747640201065224e-05
-0.07210661470890045 1206.769824587342 8.56799215398496e-06
-0.057007212191820145 1206.823245331767 1.0327282325306442e-05
-0.030466590076684952 1206.8766657293716 1.0380271305621136e-05
-0.035202328115701675 1206.9300857801627 1.017161503114039e-05
-0.030334247276186943 1206.9835054841471 1.0647229828464333e-05
-0.03537534549832344 1207.0369248413313 1.0323088645236567e-05
-0.039445653557777405 1207.0903438517223 1.3454056897899136e-05
-0.043658189475536346 1207.143762515327 0.0014639319851994514
-0.03464193642139435 1207.1971808321516 1.1952626664424315e-05
-0.07440987229347229 1207.2505988022033 9.507426511845551e-06
-0.05194781348109245 1207.304016425489 8.153231647156645e-06
-0.07032948732376099 1207.3574337020152 1.3450541700876784e-05
-0.06319542229175568 1207.4108506317887 7.788512448314577e-06
-0.0510064996778965 1207.464267214816 8.816785339149646e-06
-0.03308507055044174 1207.5176834511042 9.885860890790354e-06
-0.07250460237264633 1207.5710993406597 7.722650479990989e-06
-0.08971874415874481 1207.6245148834894 1.1385169273125939e-05
-0.067182257771492 1207.6779300796006 1.0916011888184585e-05
-0.08442922681570053 1207.7313449289993 1.0047550858871546e-05
-0.03477807343006134 1207.7847594316927 8.833098945615347e-06
-0.045610424131155014 1207.8381735876872 1.1215552149224095e-05
-0.03222447633743286 1207.89158739699 9.070187843462918e-06
-0.22527344524860382 1207.9450008596073 0.006919467821717262
-0.15549446642398834 1207.998413975546 0.004190363455563784
-0.039168912917375565 1208.051826744813 1.3000067156099249e-05
-0.07646175473928452 1208.1052391674157 9.736211723065935e-06
-0.13208524882793427 1208.1586512433596 9.42635779210832e-06
-0.029746608808636665 1208.2120629726523 9.75052626017714e-06
-0.1016756221652031 1208.2654743553 1.23161235023872e-05
-0.08093775063753128 1208.3188853913098 7.1772642513678875e-06
-0.04927349090576172 1208.3722960806883 8.568221346649807e-06
-0.08671601861715317 1208.4257064234425 1.0926102731900755e-05
-0.09904789179563522 1208.4791164195792 7.719088898738846e-06
-0.09341134130954742 1208.5325260691047 7.4958552431780845e-06
-0.028722582384943962 1208.585935372026 1.5608507965225726e-05
-0.10137161612510681 1208.6393443283498 6.536821274494287e-06
-0.07238344848155975 1208.6927529380825 8.654777957417537e-06
-0.034431640058755875 1208.7461612012319 8.915982107282616e-06
-0.03181236982345581 1208.7995691178035 8.775577043707017e-06
-0.034658048301935196 1208.852976687805 9.69369739323156e-06
-0.12125664949417114 1208.9063839112425 7.125121555873193e-06
-0.02940906584262848 1208.9597907881232 9.680602488515433e-06
-0.09612534940242767 1209.0131973184534 7.764160727674607e-06
-0.049782849848270416 1209.0666035022402 8.215482012019493e-06
-0.05362998694181442 1209.1200093394907 8.837221685098484e-06
-0.07168351858854294 1209.1734148302105 8.68451752467081e-06
-0.02940518781542778 1209.2268199744074 9.647422302805353e-06
-0.06593213975429535 1209.2802247720876 1.0595791536616161e-05
-0.043662186712026596 1209.3336292232584 2.230509380751755e-05
-0.09336894750595093 1209.3870333279256 9.526120265945792e-06
-0.10777260363101959 1209.4404370860968 5.914566372666741e-06
-0.03171638399362564 1209.4938404977784 9.066860911843833e-06
-0.04878021031618118 1209.5472435629772 0.002340226201340556
-0.0928768515586853 1209.6006462817002 8.80720472196117e-06
-0.07300302386283875 1209.6540486539539 9.220248102792539e-06
-0.028817201033234596 1209.7074506797446 9.837733159656636e-06
-0.023062990978360176 1209.7608523590798 1.2286664059502073e-05
-0.034045565873384476 1209.8142536919659 9.82127312454395e-06
-0.108871690928936 1209.8676546784095 1.0237844435323495e-05
-0.0379498191177845 1209.9210553184178 9.8781383712776e-06
-0.02785431407392025 1209.9744556119967 1.0467514584888704e-05
-0.031663116067647934 1210.0278555591537 1.0812696928041987e-05
-0.02807541750371456 1210.0812551598958 1.5568064554827288e-05
-0.03378693759441376 1210.1346544142289 9.524271263217088e-06
-0.07216962426900864 1210.18805332216 9.216685612045694e-06
-0.027679437771439552 1210.2414518836963 1.0391724572400562e-05
-0.05273192375898361 1210.2948500988439 8.632793651486281e-06
-0.07898038625717163 1210.34824796761 1.5028334928501863e-05
-0.08315516263246536 1210.4016454900009 1.0167483196710236e-05
-0.02801578864455223 1210.455042666024 1.545735722174868e-05
-0.043096769601106644 1210.5084394956855 1.0444921827001963e-05
-0.043396010994911194 1210.5618359789921 1.2097219041606877e-05
-0.09885606914758682 1210.6152321159511 6.324729383777594e-06
-0.06731152534484863 1210.6686279065689 7.35089724912541e-06
-0.030527077615261078 1210.722023350852 8.662694199301768e-06
-0.07015722990036011 1210.7754184488072 8.261859875347e-06
-0.022643864154815674 1210.8288132004416 1.242847883986542e-05
-0.030594540759921074 1210.8822076057616 1.0010780897573568e-05
-0.06973966956138611 1210.9356016647741 8.714015166333411e-06
-0.028298065066337585 1210.988995377486 1.1861798157042358e-05
-0.08849597722291946 1211.0423887439038 8.81595133250812e-06
-0.0628877654671669 1211.095781764034 9.655389476392884e-06
-0.05951916426420212 1211.149174437884 7.274186827999074e-06
-0.05790622904896736 1211.20256676546 6.909153398737544e-06
-0.04786329343914986 1211.255958746769 7.624163572472753e-06
-0.05224534869194031 1211.3093503818175 1.016269925457891e-05
-0.027219876646995544 1211.3627416706124 1.062711908161873e-05
-0.027830466628074646 1211.4161326131605 1.1745933989004698e-05
-0.03154817596077919 1211.4695232094682 1.0428785572003108e-05
-0.03323040530085564 1211.5229134595427 9.096051144297235e-06
-0.1142372116446495 1211.5763033633905 9.405344826518558e-06
-0.03590259328484535 1211.6296929210182 9.197146937367506e-06
-0.033611755818128586 1211.6830821324327 8.116900971799623e-06
-0.03310254588723183 1211.736470997641 9.319139280705713e-06
-0.029684578999876976 1211.7898595166491 8.498440365656279e-06
-0.060073450207710266 1211.8432476894648 7.62595254855114e-06
-0.02697116695344448 1211.8966355160935 1.5092599824129138e-05
-0.044768791645765305 1211.950022996543 0.0011847661808133125
-0.08874249458312988 1212.0034101308202 7.819763595762197e-06
-0.07712902873754501 1212.0567969189308 7.88108809501864e-06
-0.02978537417948246 1212.110183360882 1.0366024071117863e-05
-0.035388797521591187 1212.1635694566808 1.1754915249184705e-05
-0.07990632206201553 1212.2169552063338 1.04101600300055e-05
-0.03531261533498764 1212.2703406098474 1.1900274330400862e-05
-0.026417070999741554 1212.3237256672287 1.4624898540205322e-05
-0.33755964040756226 1212.377110378484 0.00545147992670536
-0.054370734840631485 1212.4304947436208 9.32850525714457e-06
-0.030628247186541557 1212.4838787626454 1.0589113117021043e-05
-0.14225777983665466 1212.5372624355643 8.335759048350155e-06
-0.03468680381774902 1212.5906457623848 1.467637594032567e-05
-0.03528063744306564 1212.6440287431128 1.2550362043839414e-05
-0.07104819267988205 1212.6974113777558 0.002421905053779483
-0.05846337229013443 1212.7507936663203 7.467227078450378e-06
-0.034378532320261 1212.8041756088128 8.909425559977535e-06
-0.03460678085684776 1212.8575572052403 1.181152583740186e-05
-0.03227695822715759 1212.9109384556095 9.472069905314129e-06
-0.10667615383863449 1212.964319359927 7.594844191771699e-06
-0.026542622596025467 1213.0176999181995 9.384390978084411e-06
-0.02599911205470562 1213.071080130434 8.975845958048012e-06
-0.04544650763273239 1213.124459996637 1.5111727407202125e-05
-0.05507703125476837 1213.177839516815 0.002096215495839715
-0.10101726651191711 1213.2312186909755 7.622068551427219e-06
-0.029583565890789032 1213.2845975191244 1.006902675726451e-05
-0.03248898312449455 1213.3379760012692 9.929474799719173e-06
-0.025472912937402725 1213.3913541374159 1.0238046343147289e-05
-0.07069826126098633 1213.4447319275714 9.492583558312617e-06
-0.028359409421682358 1213.4981093717429 1.0050110176962335e-05
-0.025386188179254532 1213.5514864699367 1.0311937330698129e-05
-0.029237952083349228 1213.6048632221593 1.0088435374200344e-05
-0.11058145761489868 1213.658239628418 6.391710940079065e-06
-0.06127934157848358 1213.7116156887191 8.109046575555112e-06
-0.04220521077513695 1213.7649914030699 7.4979502642236184e-06
-0.01222956832498312 1213.8183667714761 1.937058004841674e-05
-0.029987294226884842 1213.8717417939454 9.056864655576646e-06
-0.06826899200677872 1213.9251164704842 8.736941708775703e-06
-0.07231958210468292 1213.9784908010993 7.3075689215329476e-06
-0.04943995177745819 1214.031864785797 9.186255738313776e-06
-0.028598502278327942 1214.0852384245845 9.819363185670227e-06
-0.11020396649837494 1214.1386117174686 6.7479618337529246e-06
-0.02923351712524891 1214.1919846644557 8.149783752742223e-06
-0.04406168684363365 1214.2453572655525 7.782009561196901e-06
-0.006592295598238707 1214.2987295207658 0.020369160920381546
-0.027232883498072624 1214.3521014301025 8.37438983580796e-06
-0.04263778775930405 1214.405472993569 7.2583115979796275e-06
-0.1383277177810669 1214.4588442111726 9.890412911772728e-06
-0.02871323935687542 1214.5122150829193 8.266257282230072e-06
-0.028371598571538925 1214.5655856088165 1.0311193364032079e-05
-0.035703934729099274 1214.6189557888704 1.8390017430647276e-05
-0.06492863595485687 1214.672325623088 8.845300726534333e-06
-0.1052740067243576 1214.7256951114757 7.351305157499155e-06
-0.024281712248921394 1214.7790642540408 1.442431312170811e-05
-0.029305672273039818 1214.8324330507894 1.3151798157196026e-05
-0.0240510031580925 1214.8858015017288 1.410171444149455e-05
-0.07774924486875534 1214.939169606865 9.171308192890137e-06
-0.08575674891471863 1214.9925373662056 1.3883409337722696e-05
0.14546246826648712 1215.0459047797565 0.03895772621035576
0.15476125478744507 1215.0992718475252 0.04200056195259094
0.1303659975528717 1215.1526385695176 0.04158448427915573
0.032734163105487823 1215.2060049457411 0.030722733587026596
0.08062726259231567 1215.2593709762023 0.03931203484535217
0.1673523485660553 1215.3127366609074 0.04603008180856705
0.17475830018520355 1215.3661019998638 0.04978076368570328
0.14197823405265808 1215.4194669930775 0.04899920895695686
0.14836426079273224 1215.472831640556 0.05708004906773567
-0.058277346193790436 1215.5261959423058 0.054415516555309296
-0.10889539122581482 1215.5795598983332 0.07192982733249664
-0.12799277901649475 1215.6329235086455 0.10581739246845245
0.26602494716644287 1215.6862867732486 0.12328808009624481
-0.022543074563145638 1215.7396496921501 0.09161107242107391
0.32533133029937744 1215.7930122653565 0.08630771189928055
1.1862728595733643 1215.846374492874 0.09845677763223648
2.2070436477661133 1215.8997363747098 0.11978694796562195
3.0012283325195312 1215.9530979108706 0.139303520321846
2.723104238510132 1216.006459101363 0.1294596791267395
2.065330982208252 1216.0598199461933 0.1134428083896637
1.3381460905075073 1216.1131804453694 0.0939984917640686
0.9777774810791016 1216.166540598897 0.08217042684555054
0.7773030996322632 1216.219900406783 0.07139509171247482
0.4594326913356781 1216.2732598690343 0.05910618230700493
0.4018298089504242 1216.3266189856574 0.055710043758153915
0.23815803229808807 1216.3799777566594 0.04185204580426216
0.17883315682411194 1216.4333361820463 0.04035505652427673
-0.05545806512236595 1216.4866942618257 1.1080435797339305e-05
-0.006785908248275518 1216.5400519960037 0.028782902285456657
-0.11332686245441437 1216.5934093845874 1.3551821211876813e-05
-0.011597339995205402 1216.646766427583 1.951985905179754e-05
-0.03204995021224022 1216.7001231249978 1.9124570826534182e-05
-0.0232539102435112 1216.7534794768383 1.110300945583731e-05
0.06093882396817207 1216.806835483111 0.030414124950766563
-0.0499841645359993 1216.860191143823 9.854888048721477e-06
0.028330273926258087 1216.9135464589806 0.026497384533286095
-0.04937339201569557 1216.9669014285905 0.001245655701495707
-0.062306806445121765 1217.02025605266 1.414276903233258e-05
-0.03660374879837036 1217.0736103311951 7.8283837865456e-06
-0.05925535038113594 1217.126964264203 1.3194612620281987e-05
-0.037594590336084366 1217.1803178516905 7.381723207799951e-06
-0.10519817471504211 1217.2336710936638 0.0020219534635543823
-0.03796088322997093 1217.2870239901297 7.4236713771824725e-06
-0.018181003630161285 1217.3403765410956 1.0947510418191087e-05
-0.06185263395309448 1217.3937287465674 8.255268767243251e-06
-0.024403216317296028 1217.4470806065522 9.583019163983408e-06
-0.03512212634086609 1217.5004321210567 7.060531061142683e-06
-0.042362358421087265 1217.5537832900875 8.436971256742254e-06
-0.1066155955195427 1217.6071341136512 5.874707767361542e-06
-0.08760160207748413 1217.6604845917548 9.149590368906502e-06
-0.09442166239023209 1217.713834724405 6.026396476954687e-06
-0.03975286707282066 1217.767184511608 9.61948353506159e-06
-0.057217616587877274 1217.8205339533713 7.48674210626632e-06
-0.1264624446630478 1217.8738830497007 6.726869742124109e-06
-0.14040707051753998 1217.9272318006037 6.239922186068725e-06
-0.06259427219629288 1217.9805802060873 7.916274626040831e-06
-0.03059767745435238 1218.033928266157 9.144106115854811e-06
-0.06661999225616455 1218.0872759808203 9.272773240809329e-06
-0.023935368284583092 1218.1406233500836 7.355361049121711e-06
-0.026599271222949028 1218.193970373954 8.600011824455578e-06
-0.10639992356300354 1218.247317052438 5.642348696710542e-06
-0.030162228271365166 1218.3006633855418 9.362343007524032e-06
-0.02619643695652485 1218.3540093732731 1.0157085853279568e-05
-0.010917955078184605 1218.407355015638 1.8921842638519593e-05
0.014949673786759377 1218.4607003126434 0.025078898295760155
-0.033382847905159 1218.5140452642956 7.267651653819485e-06
-0.04866041988134384 1218.5673898706018 1.0630828910507262e-05
-0.02517441287636757 1218.6207341315685 9.295311429013964e-06
-0.052764881402254105 1218.6740780472026 8.073679055087268e-06
-0.03306017443537712 1218.7274216175106 6.650719569734065e-06
-0.06651164591312408 1218.7807648424987 5.998252163408324e-06
-0.026131615042686462 1218.8341077221746 9.38749417400686e-06
-0.0485454797744751 1218.8874502565448 6.174357622512616e-06
-0.02284979075193405 1218.9407924456154 8.334338417625986e-06
-0.03296000510454178 1218.9941342893937 6.512435902550351e-06
-0.04061392694711685 1219.0474757878858 8.21891262603458e-06
-0.06920228153467178 1219.100816941099 6.281609330471838e-06
-0.0670929104089737 1219.15415774904 9.377047717862297e-06
-0.08457373082637787 1219.207498211715 5.328873157850467e-06
-0.13142651319503784 1219.2608383291313 7.16391741661937e-06
-0.048071928322315216 1219.3141781012953 6.09240942139877e-06
-0.06088454648852348 1219.367517528213 5.887221050215885e-06
-0.05258406326174736 1219.4208566098928 5.71473083255114e-06
-0.05227994918823242 1219.4741953463397 7.205723250081064e-06
-0.06110763922333717 1219.5275337375613 5.8240675571141765e-06
-0.07478179782629013 1219.5808717835644 5.614036126644351e-06
-0.023960739374160767 1219.6342094843549 8.027765034057666e-06
-0.04646071419119835 1219.6875468399405 6.192182809172664e-06
-0.050682276487350464 1219.740883850327 5.8106938922719564e-06
-0.06527849286794662 1219.7942205155218 6.403940915333806e-06
-0.050327904522418976 1219.8475568355313 5.617743681796128e-06
-0.05439575016498566 1219.9008928103622 9.38965331442887e-06
-0.030411507934331894 1219.9542284400213 7.056737558741588e-06
-0.06038948521018028 1220.0075637245152 5.668311587214703e-06
-0.07211464643478394 1220.0608986638504 6.325290542008588e-06
-0.051632944494485855 1220.1142332580341 6.022810794092948e-06
-0.020939547568559647 1220.1675675070728 7.879715667513665e-06
-0.018955344334244728 1220.220901410973 8.021617759368382e-06
-0.06120755895972252 1220.2742349697414 5.908937964704819e-06
-0.07629650086164474 1220.327568183385 7.902671313786414e-06
-0.0391463041305542 1220.3809010519105 9.274252079194412e-06
-0.01746375486254692 1220.4342335753242 8.791902473603841e-06
-0.05753130093216896 1220.4875657536334 5.893380603083642e-06
-0.05257195606827736 1220.540897586844 5.267665983410552e-06
-0.10835777968168259 1220.5942290749633 5.166099072084762e-06
-0.05122289061546326 1220.6475602179978 5.453646735986695e-06
-0.03161776810884476 1220.700891015954 7.740744877082761e-06
-0.12905043363571167 1220.7542214688394 6.2833414631313644e-06
-0.03681867942214012 1220.8075515766598 9.052057976077776e-06
-0.11122776567935944 1220.8608813394221 0.0019689123146235943
-0.048126574605703354 1220.9142107571333 5.796393907075981e-06
-0.04540681093931198 1220.9675398298 6.282931281020865e-06
-0.01920776069164276 1221.020868557429 7.615965841978323e-06
-0.052791528403759 1221.0741969400262 5.58814008400077e-06
-0.05051920935511589 1221.1275249775993 5.227468591328943e-06
-0.06211356446146965 1221.1808526701545 4.8612409955239855e-06
-0.09671635180711746 1221.2341800176987 6.19054935668828e-06
-0.05597251281142235 1221.2875070202385 6.0592274166992866e-06
-0.07484562695026398 1221.3408336777804 4.727745817945106e-06
-0.03392494469881058 1221.3941599903317 6.128810582595179e-06
-0.02807423286139965 1221.4474859578982 6.278893124544993e-06
-0.03779052942991257 1221.5008115804874 1.052739389706403e-05
-0.043678734451532364 1221.5541368581057 7.597085186716868e-06
-0.06253187358379364 1221.6074617907595 5.8572431953507476e-06
-0.044614337384700775 1221.6607863784561 6.012160156387836e-06
-0.0756087675690651 1221.7141106212018 5.403155228123069e-06
-0.046069152653217316 1221.767434519003 6.374310942192096e-06
-0.058999691158533096 1221.8207580718672 7.30576448404463e-06
-0.02785898931324482 1221.8740812798005 7.221839950943831e-06
-0.021321456879377365 1221.9274041428098 7.589845608890755e-06
-0.06642444431781769 1221.9807266609014 5.423308721219655e-06
-0.04303696006536484 1222.0340488340828 6.4582936829538085e-06
-0.09120362251996994 1222.08737066236 6.038450464984635e-06
-0.1044149100780487 1222.1406921457399 5.238297035248252e-06
-0.01885744370520115 1222.1940132842292 9.845482964010444e-06
-0.10937098413705826 1222.2473340778345 0.0009262129897251725
-0.06838569045066833 1222.3006545265628 6.6218467509315815e-06
-0.0460355170071125 1222.3539746304205 8.58893235999858e-06
-0.04606744647026062 1222.4072943894146 5.274102477414999e-06
-0.04302731156349182 1222.460613803551 5.546947704715421e-06
-0.04750776290893555 1222.5139328728374 5.390358637669124e-06
-0.031000182032585144 1222.5672515972801 5.91304751651478e-06
-0.06188143417239189 1222.6205699768855 6.604554528166773e-06
-0.04019211605191231 1222.6738880116607 6.050130650692154e-06
-0.03701556473970413 1222.727205701612 5.673601208400214e-06
-0.05514160543680191 1222.7805230467466 5.281296125758672e-06
-0.058916207402944565 1222.8338400470707 5.9303442867530975e-06
-0.05346721410751343 1222.887156702591 5.413177404989256e-06
-0.0387456938624382 1222.9404730133147 5.6557842071924824e-06
-0.033971965312957764 1222.993788979248 9.664343451731838e-06
-0.05235930159687996 1223.047104600398 5.356209385354305e-06
-0.029403081163764 1223.1004198767707 5.996002073516138e-06
-0.0396469309926033 1223.1537348083737 6.05160630584578e-06
-0.06791425496339798 1223.207049395213 5.57093426323263e-06
-0.05555141344666481 1223.2603636372955 4.880344931734726e-06
-0.044981252402067184 1223.3136775346277 6.099267466197489e-06
-0.046730831265449524 1223.366991087217 5.3472422223421745e-06
-0.04137083888053894 1223.4203042950694 5.223889729677467e-06
-0.06212323158979416 1223.4736171581915 5.761157353845192e-06
-0.03786449134349823 1223.5269296765903 8.120857273752335e-06
-0.04284748435020447 1223.5802418502726 5.123715709487442e-06
-0.05008125305175781 1223.6335536792449 5.941973995504668e-06
-0.04343433678150177 1223.6868651635139 5.0925523282785434e-06
-0.04085130989551544 1223.7401763030862 5.5079517551348545e-06
-0.05644743889570236 1223.7934870979686 5.272889211482834e-06
-0.02934960089623928 1223.8467975481678 6.310254320851527e-06
-0.03873170167207718 1223.9001076536906 5.5422933655790985e-06
-0.06128278374671936 1223.9534174145433 5.416274689196143e-06
-0.035614099353551865 1224.006726830733 6.812715128035052e-06
-0.05250170826911926 1224.0600359022662 5.005274033464957e-06
-0.0495724081993103 1224.1133446291494 5.93631693845964e-06
-0.06068216636776924 1224.1666530113896 5.227321253187256e-06
-0.050864484161138535 1224.2199610489934 4.5964170567458495e-06
-0.046683985739946365 1224.2732687419675 5.5345230975945015e-06
-0.03783900663256645 1224.3265760903184 5.648038040817482e-06
-0.03803936019539833 1224.3798830940527 5.500412044057157e-06
-0.06901868432760239 1224.4331897531777 5.243339728622232e-06
-0.03724876046180725 1224.4864960676996 5.602834789897315e-06
-0.037987809628248215 1224.5398020376251 4.848168373428052e-06
-0.03793850541114807 1224.5931076629608 6.096701781643787e-06
-0.0416281595826149 1224.6464129437136 5.002173111279262e-06
-0.04102514311671257 1224.6997178798902 6.782657237636158e-06
-0.051983773708343506 1224.7530224714972 6.040674634277821e-06
-0.06080017238855362 1224.8063267185412 4.47373076895019e-06
-0.026635946705937386 1224.859630621029 6.2158478613127954e-06
-0.04917377233505249 1224.9129341789674 4.955435997544555e-06
-0.020955998450517654 1224.9662373923625 6.918331109773135e-06
-0.020503170788288116 1225.019540261222 5.998956112307496e-06
-0.04347092658281326 1225.0728427855513 5.136346771905664e-06
-0.0402749627828598 1225.1261449653582 4.698575594375143e-06
-0.04630742222070694 1225.1794468006487 5.343334123608656e-06
-0.03244230896234512 1225.23274829143 6.140654932096368e-06
-0.013738563284277916 1225.2860494377085 7.631983862665948e-06
-0.039759423583745956 1225.3393502394906 6.483113338617841e-06
-0.06650202721357346 1225.3926506967832 4.262274615030037e-06
-0.056471921503543854 1225.4459508095936 5.365341621654807e-06
-0.025708360597491264 1225.4992505779276 5.4962242757028434e-06
-0.049848999828100204 1225.552550001792 5.480039817484794e-06
-0.04413959011435509 1225.605849081194 4.8449314817844424e-06
-0.06169349327683449 1225.6591478161397 5.2550039981724694e-06
-0.0641811415553093 1225.712446206636 4.792111667484278e-06
-0.038337450474500656 1225.7657442526897 5.276663614495192e-06
-0.06173000857234001 1225.8190419543075 4.789575996255735e-06
-0.03810827061533928 1225.8723393114958 5.4428210205514915e-06
-0.0396769717335701 1225.9256363242616 4.94279856866342e-06
-0.034696053713560104 1225.9789329926114 4.863985850533936e-06
-0.026907293125987053 1226.0322293165518 5.611372216662858e-06
-0.02450978010892868 1226.0855252960898 6.863742783025373e-06
-0.024425840005278587 1226.1388209312317 9.701555427454878e-06
-0.04116489365696907 1226.1921162219842 5.038615199737251e-06
-0.01759088784456253 1226.2454111683542 6.220850991667248e-06
-0.06049656495451927 1226.2987057703485 4.004800302936928e-06
-0.021548787131905556 1226.3520000279734 5.611047981801676e-06
-0.042324937880039215 1226.4052939412356 6.113677045505028e-06
-0.017642566934227943 1226.458587510142 5.576313469646266e-06
-0.018986254930496216 1226.5118807346992 6.9386355789902154e-06
-0.02885919250547886 1226.5651736149136 6.104810381657444e-06
-0.02060638926923275 1226.6184661507925 5.5851141951279715e-06
-0.0820288434624672 1226.6717583423422 5.7633628784969915e-06
-0.05463934689760208 1226.7250501895692 5.004378635931062e-06
-0.026973970234394073 1226.7783416924804 5.267037067824276e-06
-0.04309946671128273 1226.8316328510825 4.9444515752838925e-06
-0.05761849135160446 1226.884923665382 4.387607532407856e-06
-0.05869563668966293 1226.9382141353856 4.8546880861977115e-06
-0.03129739314317703 1226.9915042611003 5.412563496065559e-06
-0.039964769035577774 1227.0447940425322 4.8734050324128475e-06
-0.02221084199845791 1227.0980834796887 5.376217359298607e-06
-0.012570210732519627 1227.1513725725758 6.494790341093903e-06
-0.040935661643743515 1227.2046613212003 4.769795850734226e-06
-0.02113759145140648 1227.2579497255695 9.348913408757653e-06
-0.012900727801024914 1227.3112377856892 8.175074981409125e-06
-0.03705030679702759 1227.3645255015665 5.637678441416938e-06
-0.028487250208854675 1227.4178128732083 5.351285381038906e-06
-0.07849974930286407 1227.4710999006206 4.71838575322181e-06
-0.025342324748635292 1227.5243865838104 5.1333663577679545e-06
-0.05518936365842819 1227.5776729227848 4.8112424337887205e-06
-0.06122254207730293 1227.63095891755 3.888294941134518e-06
-0.042875371873378754 1227.684244568113 4.388757133710897e-06
-0.011173400096595287 1227.7375298744796 6.587914867850486e-06
-0.01107741892337799 1227.7908148366575 6.582356945727952e-06
-0.050347283482551575 1227.8440994546531 4.922484549751971e-06
-0.0438893623650074 1227.897383728473 5.403329851105809e-06
-0.020418116822838783 1227.9506676581234 5.284694452711847e-06
-0.03335127979516983 1228.003951243612 5.353925189410802e-06
-0.0337279811501503 1228.0572344849443 5.936421985097695e-06
-0.06599019467830658 1228.110517382128 4.363831521914108e-06
-0.02189379371702671 1228.163799935169 4.982896825822536e-06
-0.04147591441869736 1228.2170821440743 6.239200956770219e-06
-0.05513879656791687 1228.2703640088505 4.4880735003971495e-06
-0.03221937268972397 1228.3236455295046 5.010168479202548e-06
-0.012161060236394405 1228.3769267060427 8.126105058181565e-06
-0.05147958919405937 1228.430207538472 5.733949819841655e-06
-0.05344586446881294 1228.4834880267983 3.8515640881087165e-06
-0.033402249217033386 1228.5367681710295 4.442846602614736e-06
-0.02845841832458973 1228.5900479711713 4.333020115154795e-06
-0.010431600734591484 1228.6433274272308 6.726390893163625e-06
-0.04257477819919586 1228.6966065392148 4.7301309678005055e-06
-0.031707972288131714 1228.7498853071295 5.199344286666019e-06
-0.030623536556959152 1228.8031637309819 6.311123797786422e-06
-0.029761549085378647 1228.8564418107785 4.5089368541084696e-06
-0.018916841596364975 1228.9097195465258 5.334698471415322e-06
-0.05085069686174393 1228.9629969382313 4.287595857022097e-06
-0.036651141941547394 1229.0162739859006 4.125651685171761e-06
-0.015942368656396866 1229.0695506895408 5.799588052468607e-06
-0.03598972037434578 1229.1228270491588 4.376037395559251e-06
-0.03062564693391323 1229.176103064761 5.956300810794346e-06
-0.03431776538491249 1229.2293787363542 4.4552680265042e-06
-0.05481460317969322 1229.2826540639448 4.26914493800723e-06
-0.05368897318840027 1229.3359290475398 4.267234999133507e-06
-0.023738345131278038 1229.3892036871455 9.42021779337665e-06
-0.04310038685798645 1229.442477982769 0.0006503408076241612
-0.03811874985694885 1229.4957519344168 4.4410267037164886e-06
-0.03284253552556038 1229.5490255420955 4.261163212504471e-06
-0.02640088088810444 1229.6022988058116 4.9190575737156905e-06
-0.01425583753734827 1229.6555717255721 5.245477495918749e-06
-0.03953225538134575 1229.7088443013834 4.68836560685304e-06
-0.07856228947639465 1229.7621165332523 5.42279803994461e-06
-0.0208770539611578 1229.8153884211852 5.447585408546729e-06
-0.04080319032073021 1229.868659965189 4.59670445707161e-06
-0.0359346829354763 1229.9219311652705 4.583349436870776e-06
-0.01995312236249447 1229.975202021436 4.980076028004987e-06
-0.034883297979831696 1230.0284725336926 4.757051101478282e-06
-0.05388268455862999 1230.0817427020468 4.527043074631365e-06
-0.01834063045680523 1230.1350125265049 5.486514510266716e-06
-0.020030250772833824 1230.1882820070741 5.190131105337059e-06
-0.023518137633800507 1230.2415511437605 5.286833129503066e-06
-0.022727379575371742 1230.2948199365712 4.7599864956282545e-06
-0.03600478917360306 1230.3480883855127 4.4127132241555955e-06
-0.03180336952209473 1230.4013564905918 3.7961401631037006e-06
-0.017490210011601448 1230.4546242518147 5.321432581695262e-06
-0.03468941152095795 1230.5078916691887 4.609921688825125e-06
-0.01708156242966652 1230.5611587427202 5.356219389796024e-06
-0.029206130653619766 1230.6144254724159 4.852678102906793e-06
-0.031114384531974792 1230.6676918582818 5.399779638537439e-06
-0.03551348298788071 1230.7209579003256 4.2387023313494865e-06
-0.0295727476477623 1230.7742235985534 4.9675022637529764e-06
-0.034844595938920975 1230.8274889529719 4.552501650323393e-06
-0.025672420859336853 1230.8807539635877 3.973470938944956e-06
-0.031939949840307236 1230.934018630408 4.454882400750648e-06
-0.015635736286640167 1230.9872829534384 4.922123025608016e-06
-0.025098826736211777 1231.0405469326865 3.9848650885687675e-06
-0.02742336131632328 1231.0938105681587 4.835243544221157e-06
-0.02347707375884056 1231.1470738598616 4.143174464843469e-06
-0.021998316049575806 1231.2003368078017 4.109279871045146e-06
-0.02185315266251564 1231.2535994119855 4.99098359796335e-06
-0.02231462113559246 1231.3068616724206 4.70895702164853e-06
-0.027692141011357307 1231.3601235891124 4.044603429065319e-06
-0.039455849677324295 1231.4133851620686 3.980602741648909e-06
-0.01930621638894081 1231.4666463912954 4.322384484112263e-06
-0.03568321838974953 1231.5199072767994 5.049902938480955e-06
-0.04199243709445 1231.5731678185873 3.7656684526155004e-06
-0.024477778002619743 1231.6264280166656 5.199018687562784e-06
-0.022824563086032867 1231.6796878710416 4.144757895119255e-06
-0.029911400750279427 1231.7329473817208 4.392216851556441e-06
-0.018347425386309624 1231.786206548711 4.82992527395254e-06
-0.02016889490187168 1231.8394653720184 4.470224212127505e-06
-0.015212982892990112 1231.8927238516494 5.259395038592629e-06
-0.02361115626990795 1231.945981987611 5.2310801947896834e-06
-0.04357565566897392 1231.99923977991 4.221481503918767e-06
-0.016861647367477417 1232.0524972285525 5.142116151546361e-06
-0.015134806744754314 1232.1057543335457 4.917606474919012e-06
-0.019868861883878708 1232.159011094896 4.606857601174852e-06
-0.027775853872299194 1232.21226751261 3.972623744630255e-06
-0.025251321494579315 1232.2655235866944 3.884227226080839e-06
-0.0245056115090847 1232.318779317156 4.042180535179796e-06
-0.03573094680905342 1232.3720347040012 4.05301716455142e-06
-0.03509097918868065 1232.4252897472365 3.766679355976521e-06
-0.013354974798858166 1232.4785444468691 5.512727511813864e-06
-0.03116436116397381 1232.5317988029055 4.646379238693044e-06
-0.025796396657824516 1232.5850528153524 4.098395493201679e-06
-0.028086161240935326 1232.6383064842155 4.593399353325367e-06
-0.027573786675930023 1232.6915598095031 4.559038188745035e-06
-0.016790281981229782 1232.7448127912203 4.485828867473174e-06
-0.021334370598196983 1232.7980654293747 4.772226020577364e-06
-0.013915149495005608 1232.8513177239727 4.37269727626699e-06
-0.01798068732023239 1232.904569675021 4.699090823123697e-06
-0.03423311188817024 1232.9578212825259 3.939698217436671e-06
-0.015411579050123692 1233.0110725464945 4.740506938105682e-06
-0.016157040372490883 1233.0643234669333 4.285117483959766e-06
-0.026898182928562164 1233.117574043849 4.293135589250596e-06
-0.03481617569923401 1233.170824277248 3.5435668905847706e-06
-0.02313382923603058 1233.224074167137 3.7943857478239806e-06
-0.023457452654838562 1233.277323713523 3.7529462133534253e-06
-0.025338904932141304 1233.3305729164122 4.109552264708327e-06
-0.020610511302947998 1233.3838217758116 4.54056817034143e-06
-0.025665149092674255 1233.4370702917277 3.923853455489734e-06
-0.024930782616138458 1233.490318464167 4.9611057875154074e-06
-0.02500051259994507 1233.5435662931363 3.859647677018074e-06
-0.026316091418266296 1233.5968137786426 4.0059489947452676e-06
-0.021698273718357086 1233.6500609206919 4.792147592524998e-06
-0.019914526492357254 1233.7033077192912 4.140301825827919e-06
-0.02101804129779339 1233.7565541744473 3.8484363358293194e-06
-0.014856498688459396 1233.8098002861661 4.073012405569898e-06
-0.028484512120485306 1233.8630460544553 3.936827397410525e-06
-0.010929735377430916 1233.9162914793208 5.506816705747042e-06
-0.023627685382962227 1233.9695365607693 5.266065272735432e-06
-0.016347486525774002 1234.0227812988078 4.650109531212365e-06
-0.019786519929766655 1234.0760256934425 4.453006113180891e-06
-0.021146582439541817 1234.1292697446806 3.75387207895983e-06
-0.027229564264416695 1234.1825134525286 4.339898623584304e-06
-0.02688456140458584 1234.2357568169923 3.58222041541012e-06
-0.02516401931643486 1234.2889998380797 3.862094672513194e-06
-0.02963068336248398 1234.3422425157967 3.5845450838678516e-06
-0.021857138723134995 1234.3954848501496 4.217547939333599e-06
-0.025510698556900024 1234.4487268411458 3.65778646482795e-06
-0.021852167323231697 1234.5019684887914 3.897181613865541e-06
-0.02042251080274582 1234.5552097930934 3.6439969335333444e-06
-0.015718962997198105 1234.6084507540581 4.09620588470716e-06
-0.015761956572532654 1234.6616913716925 5.095273081678897e-06
-0.019923243671655655 1234.7149316460032 4.554002771328669e-06
-0.01450615469366312 1234.7681715769963 4.842037469643401e-06
-0.0180010125041008 1234.8214111646791 4.108259417989757e-06
-0.019102945923805237 1234.874650409058 3.997512521891622e-06
-0.022434724494814873 1234.9278893101398 3.4810134366125567e-06
-0.013326333835721016 1234.9811278679308 4.066253950441023e-06
-0.01396065205335617 1235.0343660824378 4.1682405935716815e-06
-0.016209732741117477 1235.0876039536672 3.585658532756497e-06
-0.01786734163761139 1235.1408414816262 4.092934887012234e-06
-0.018831798806786537 1235.194078666321 3.865900907840114e-06
-0.012929585762321949 1235.2473155077587 4.2941760511894245e-06
-0.012879729270935059 1235.3005520059453 4.398855708132032e-06
-0.024031411856412888 1235.3537881608877 3.863992333208444e-06
-0.016657153144478798 1235.407023972593 3.9493097574450076e-06
-0.02371373027563095 1235.4602594410671 3.2717719022912206e-06
-0.016697637736797333 1235.513494566317 4.01856959797442e-06
-0.022113878279924393 1235.5667293483493 3.6173717035126174e-06
-0.009097378700971603 1235.6199637871707 4.782075393450214e-06
-0.01720278523862362 1235.673197882788 3.654212378023658e-06
-0.018158486112952232 1235.7264316352073 3.830119112535613e-06
-0.016668332740664482 1235.7796650444354 4.5451333789969794e-06
-0.01778568886220455 1235.8328981104794 3.754842055059271e-06
-0.021955430507659912 1235.886130833346 3.1585150281898677e-06
-0.01716444455087185 1235.9393632130407 3.973428192693973e-06
-0.0084975715726614 1235.9925952495712 4.134631126362365e-06
-0.016322830691933632 1236.0458269429441 4.018943855044199e-06
-0.013227379880845547 1236.0990582931656 4.106833785044728e-06
-0.012883460149168968 1236.1522893002425 4.460427135200007e-06
-0.014516186900436878 1236.2055199641816 3.859011485474184e-06
-0.02090791054069996 1236.2587502849892 4.2002311602118425e-06
-0.015625467523932457 1236.3119802626723 4.197354883217486e-06
-0.010521653108298779 1236.3652098972373 4.262788479536539e-06
-0.010219251736998558 1236.4184391886909 4.120242465432966e-06
-0.010521255433559418 1236.4716681370398 3.924466000171378e-06
-0.013490035198628902 1236.5248967422904 4.578468633553712e-06
-0.016751067712903023 1236.5781250044495 3.3103626719821477e-06
-0.009104028344154358 1236.6313529235238 5.0228436521138065e-06
-0.010204151272773743 1236.6845804995198 4.135816652706126e-06
-0.010133136063814163 1236.7378077324445 4.076913683093153e-06
-0.019680380821228027 1236.791034622304 4.0925278881331906e-06
-0.02312120608985424 1236.844261169105 3.676849701150786e-06
-0.007203671615570784 1236.8974873728546 4.155837814323604e-06
-0.009269706904888153 1236.950713233559 4.057923433720134e-06
-0.014511018991470337 1237.0039387512252 3.570681656128727e-06
-0.008991440758109093 1237.0571639258592 4.1931257328542415e-06
-0.005041032563894987 1237.1103887574684 5.242549377726391e-06
-0.011912638321518898 1237.163613246059 3.787384684983408e-06
-0.005482065491378307 1237.2168373916375 6.512692834803602e-06
-0.018247630447149277 1237.270061194211 3.1791976198292105e-06
-0.01172597985714674 1237.3232846537855 3.7371894450188847e-06
-0.006437475793063641 1237.3765077703683 4.449349034985062e-06
-0.011717114597558975 1237.4297305439657 3.7812274058524054e-06
-0.013925500214099884 1237.4829529745841 3.292770770713105e-06
-0.014668399468064308 1237.5361750622305 3.626191755756736e-06
-0.009427858516573906 1237.5893968069115 3.7789011457789456e-06
-0.014215770177543163 1237.6426182086336 3.358784397278214e-06
-0.008195298723876476 1237.6958392674035 4.184086719760671e-06
-0.014255198650062084 1237.7490599832277 3.530697767928359e-06
-0.010749941691756248 1237.802280356113 3.6457884107221616e-06
-0.016910679638385773 1237.855500386066 3.20792742058984e-06
-0.012030201032757759 1237.9087200730933 3.722174824360991e-06
-0.0031743566505610943 1237.9619394172014 4.6118816499074455e-06
-0.012280963361263275 1238.0151584183973 4.421048743097344e-06
-0.008564352057874203 1238.0683770766873 4.406118023325689e-06
-0.012108592316508293 1238.121595392078 3.91413004763308e-06
-0.01581326499581337 1238.1748133645763 3.20189724334341e-06
-0.007857623510062695 1238.2280309941884 4.108071607333841e-06
-0.013155443593859673 1238.2812482809213 3.5749922062677797e-06
-0.00932755134999752 1238.3344652247818 3.584647402021801e-06
-0.011724215000867844 1238.3876818257759 3.319955112601747e-06
-0.011700913310050964 1238.4408980839105 3.367431872902671e-06
-0.007216050289571285 1238.4941139991927 4.105117568542482e-06
-0.011866508051753044 1238.5473295716286 3.2799187010823516e-06
-0.010720864869654179 1238.6005448012247 4.164000074524665e-06
-0.006229151040315628 1238.653759687988 4.782732048624894e-06
-0.00812501646578312 1238.7069742319252 3.7505351428990252e-06
-0.00360368425026536 1238.7601884330425 4.5753090489597525e-06
-0.0130428746342659 1238.8134022913468 4.734884441859322e-06
-0.007553736213594675 1238.8666158068445 5.862062607775442e-06
-0.014058977365493774 1238.9198289795427 5.383818006521324e-06
-0.006027433555573225 1238.9730418094477 4.587391231325455e-06
-0.012314138002693653 1239.026254296566 4.378849098429782e-06
-0.010206741280853748 1239.0794664409045 3.52174151885265e-06
-0.009514933452010155 1239.1326782424696 4.143731075600954e-06
-0.008835219778120518 1239.1858897012683 3.8774505810579285e-06
-0.011064179241657257 1239.2391008173067 3.5888510865333956e-06
-0.00675920071080327 1239.2923115905917 4.141576027905103e-06
-0.009661945514380932 1239.34552202113 4.327052010921761e-06
-0.01045131217688322 1239.398732108928 3.6546948649629485e-06
-0.005600771866738796 1239.4519418539924 4.476845788303763e-06
-0.008194144815206528 1239.50515125633 3.610267640397069e-06
-0.007962587289512157 1239.558360315947 3.738829036592506e-06
-0.006445146165788174 1239.6115690328509 4.4695966607832815e-06
-0.007922017946839333 1239.664777407047 3.592348775782739e-06
-0.009420773945748806 1239.7179854385433 3.514342097332701e-06
-0.011508047580718994 1239.7711931273454 3.112055765086552e-06
-0.00913327094167471 1239.8244004734606 3.5441455565887736e-06
-0.006926646921783686 1239.877607476895 3.40046540259209e-06
-0.00890251062810421 1239.9308141376555 3.705796643771464e-06
-0.011486419476568699 1239.9840204557486 3.100653884757776e-06
-0.009333770722150803 1240.037226431181 3.7483182495634537e-06
-0.00701257074251771 1240.0904320639595 4.116955096833408e-06
-0.009334417060017586 1240.1436373540903 4.3243162508588284e-06
-0.00902370922267437 1240.19684230158 3.726831891981419e-06
-0.010200361721217632 1240.250046906436 4.232156697980827e-06
-0.009910824708640575 1240.303251168664 3.2502146041224478e-06
-0.008961872197687626 1240.3564550882713 3.956386535719503e-06
-0.010438879020512104 1240.4096586652643 3.0874252843204886e-06
-0.010035478509962559 1240.462861899649 3.6634673961088993e-06
-0.011687777936458588 1240.5160647914329 3.788548156080651e-06
-0.007977723143994808 1240.5692673406222 3.6375693071022397e-06
-0.008914133533835411 1240.6224695472238 3.2837333492352627e-06
-0.009729658253490925 1240.675671411244 4.019972948299255e-06
-0.010030390694737434 1240.7288729326892 3.587909986890736e-06
-0.009417964145541191 1240.7820741115665 3.24576558341505e-06
-0.006883812602609396 1240.8352749478825 3.6262620142224478e-06
-0.010416687466204166 1240.888475441644 3.4743038668239024e-06
-0.009759507142007351 1240.9416755928569 3.2821317290654406e-06
-0.00889499206095934 1240.994875401528 3.845026185445022e-06
-0.006555050611495972 1241.0480748676646 3.453291128607816e-06
-0.008164416067302227 1241.1012739912726 3.6361821003083605e-06
-0.003440948436036706 1241.1544727723592 4.933398940920597e-06
-0.0051936679519712925 1241.2076712109301 3.7872268876526505e-06
-0.01039201021194458 1241.2608693069928 3.153178568027215e-06
-0.00512618338689208 1241.3140670605537 3.7950680962239858e-06
-0.008341311477124691 1241.3672644716191 3.25568680636934e-06
-0.00651591457426548 1241.4204615401961 3.853092493955046e-06
-0.010839750990271568 1241.4736582662908 3.554119302862091e-06
-0.00653405487537384 1241.5268546499103 3.6363960589369526e-06
-0.008048253133893013 1241.580050691061 3.335173005325487e-06
-0.008253809995949268 1241.6332463897493 3.3696953778417083e-06
-0.0062628863379359245 1241.6864417459822 3.899727289535804e-06
-0.007872355170547962 1241.739636759766 3.591197128116619e-06
-0.005728275515139103 1241.7928314311075 3.7083509596413933e-06
-0.009705740958452225 1241.8460257600132 3.3689480005705263e-06
-0.010249807499349117 1241.8992197464897 3.3354949664499145e-06
-0.008081978186964989 1241.9524133905438 3.5193017993151443e-06
-0.005722643807530403 1242.0056066921823 3.9949663914740086e-06
-0.00949848722666502 1242.058799651411 3.1215329272527015e-06
-0.009603465907275677 1242.1119922682374 3.552096586645348e-06
-0.006105614360421896 1242.1651845426672 3.9703336369711906e-06
-0.007499975617974997 1242.218376474708 3.931882019969635e-06
-0.006442548707127571 1242.2715680643657 3.538209966791328e-06
-0.005551227368414402 1242.3247593116475 3.797833642238402e-06
-0.008207225240767002 1242.3779502165594 3.2533605462958803e-06
-0.008631831035017967 1242.431140779108 3.574642960302299e-06
-0.006527673453092575 1242.484330999301 3.951759936171584e-06
-0.008051850832998753 1242.5375208771436 3.2718853617552668e-06
-0.008737945929169655 1242.5907104126434 3.590512278606184e-06
-0.00850736629217863 1242.6438996058062 3.2449188438476995e-06
-0.005672796629369259 1242.6970884566392 3.839622422674438e-06
-0.01057826355099678 1242.750276965149 3.437798341110465e-06
-0.010495701804757118 1242.803465131342 3.427359388297191e-06
-0.006197392009198666 1242.856652955225 4.965564130543498e-06
-0.009834468364715576 1242.909840436804 3.753431428776821e-06
-0.01177407056093216 1242.9630275760865 4.20707328885328e-06
-0.005169738549739122 1243.0162143730784 4.138447366131004e-06
-0.010606958530843258 1243.069400827787 3.2687441944290185e-06
-0.00807507149875164 1243.122586940218 3.5038547139265575e-06
-0.009014093317091465 1243.1757727103789 3.4950944609590806e-06
-0.008597182109951973 1243.2289581382759 3.221543238396407e-06
-0.008754979819059372 1243.2821432239155 3.474818640825106e-06
-0.010275635868310928 1243.3353279673047 3.213819582015276e-06
-0.010222041048109531 1243.3885123684495 3.1249064704752527e-06
-0.006102024577558041 1243.441696427357 3.6538647236739052e-06
-0.008450627326965332 1243.4948801440337 3.339287786729983e-06
-0.008456320501863956 1243.548063518486 3.166095211781794e-06
-0.010611177422106266 1243.601246550721 3.121672307315748e-06
-0.008601590059697628 1243.6544292407445 3.3538569823576836e-06
-0.008746464736759663 1243.707611588564 3.3827850529632997e-06
-0.010589443147182465 1243.7607935941858 3.2268658287648577e-06
-0.01016015000641346 1243.813975257616 3.129743163299281e-06
-0.008490053005516529 1243.8671565788618 3.4377230804238934e-06
-0.009310020133852959 1243.9203375579298 3.1641434361517895e-06
-0.008778796531260014 1243.973518194826 3.124840986856725e-06
-0.012149850837886333 1244.026698489558 3.6175599689158844e-06
-0.010935341008007526 1244.0798784421313 3.078600457229186e-06
-0.01095564104616642 1244.133058052553 3.1049280551087577e-06
-0.011384082026779652 1244.1862373208298 3.2462971830682363e-06
-0.007499062456190586 1244.2394162469684 3.3356473068124615e-06
-0.011018853634595871 1244.2925948309753 3.013242576344055e-06
-0.010965020395815372 1244.345773072857 3.0779078770137858e-06
-0.009457389824092388 1244.3989509726198 3.1714002943772357e-06
-0.011914719827473164 1244.452128530271 3.0942035209591268e-06
-0.010603475384414196 1244.5053057458167 3.5025168472202495e-06
-0.010416222736239433 1244.5584826192637 3.4567613056424307e-06
-0.00808477122336626 1244.6116591506186 3.394349960217369e-06
-0.010257929563522339 1244.664835339888 3.141795332339825e-06
-0.01196197047829628 1244.7180111870784 3.214156549802283e-06
-0.007067896891385317 1244.7711866921966 3.933306743419962e-06
-0.009697667323052883 1244.8243618552485 3.33357411363977e-06
-0.010356413200497627 1244.8775366762416 3.2563791592110647e-06
-0.011259154416620731 1244.9307111551825 3.515550588417682e-06
-0.008716223761439323 1244.983885292077 3.350256065459689e-06
-0.013473252765834332 1245.0370590869325 3.2572245345363626e-06
-0.010633044876158237 1245.090232539755 3.530617732394603e-06
-0.012719057500362396 1245.1434056505516 3.196893430867931e-06
-0.01246130932122469 1245.1965784193285 3.02980697597377e-06
-0.013734093867242336 1245.2497508460926 3.3228632219106657e-06
-0.013083018362522125 1245.3029229308502 3.0667938517581206e-06
-0.013370182365179062 1245.3560946736081 3.939498128602281e-06
-0.01373223401606083 1245.409266074373 3.26562599184399e-06
-0.013098294846713543 1245.4624371331513 2.879474777728319e-06
-0.013080312870442867 1245.5156078499494 2.996938064825372e-06
-0.015448056161403656 1245.5687782247746 3.5951450172433397e-06
-0.012571551837027073 1245.6219482576325 3.345692903167219e-06
-0.01215282455086708 1245.675117948531 3.178293582095648e-06
-0.01426762342453003 1245.7282872974754 3.2461296086694347e-06
-0.014638721942901611 1245.781456304473 3.08509447677352e-06
-0.01474957074970007 1245.8346249695303 3.233113602618687e-06
-0.012101969681680202 1245.887793292654 3.2871055282157613e-06
-0.011938982643187046 1245.9409612738502 3.0867875011608703e-06
-0.013286719098687172 1245.9941289131257 3.142470404782216e-06
-0.014855911023914814 1246.0472962104877 3.1521103664999828e-06
-0.016390414908528328 1246.100463165942 3.355833314344636e-06
-0.01345322746783495 1246.1536297794958 3.7282156881701667e-06
-0.013763154856860638 1246.2067960511552 3.2256905342364917e-06
-0.01076561864465475 1246.259961980927 3.643626314442372e-06
-0.010538242757320404 1246.313127568818 3.341152478242293e-06
-0.015927134081721306 1246.3662928148344 3.0806338600086747e-06
-0.01261636521667242 1246.4194577189833 3.108056489509181e-06
-0.01753762736916542 1246.4726222812708 3.4666932151594665e-06
-0.014507141895592213 1246.5257865017036 3.32849299411464e-06
-0.010669903829693794 1246.5789503802885 3.6777307741431287e-06
-0.016733825206756592 1246.632113917032 3.100755066043348e-06
-0.01419101096689701 1246.6852771119409 3.348756990817492e-06
-0.01120666228234768 1246.7384399650214 3.360056780365994e-06
-0.01656218059360981 1246.79160247628 3.061931465708767e-06
-0.017487626522779465 1246.844764645724 3.166392161801923e-06
-0.01417445670813322 1246.8979264733593 2.9501049993996276e-06
-0.013244516216218472 1246.9510879591928 3.3069582059397362e-06
-0.017487697303295135 1247.0042491032307 2.9023399292782415e-06
-0.019017746672034264 1247.0574099054804 3.3015821827575564e-06
-0.01780371181666851 1247.1105703659478 2.8611000288947253e-06
-0.015180680900812149 1247.1637304846397 3.2198965982388472e-06
-0.01623363606631756 1247.2168902615629 3.4534302812971873e-06
-0.018920036032795906 1247.2700496967238 3.111771093244897e-06
-0.014774319715797901 1247.3232087901288 3.3734822864062153e-06
-0.01956457458436489 1247.3763675417847 3.202344942110358e-06
-0.01550321839749813 1247.4295259516982 3.5657033095048973e-06
-0.016491105780005455 1247.4826840198755 3.2069392545963638e-06
-0.01969163678586483 1247.5358417463237 3.0063943086133804e-06
-0.016668403521180153 1247.588999131049 3.266331759732566e-06
-0.01552635058760643 1247.642156174058 3.1359643344330834e-06
-0.02052592672407627 1247.695312875358 3.936679149774136e-06
-0.017623471096158028 1247.7484692349547 3.1072313504409976e-06
-0.015694577246904373 1247.8016252528546 3.8650300666631665e-06
-0.013947770930826664 1247.854780929065 3.493733174764202e-06
-0.020982638001441956 1247.907936263592 2.9580676255136495e-06
-0.021404379978775978 1247.961091256443 3.0522551242029294e-06
-0.019878113642334938 1248.0142459076235 3.295635906397365e-06
-0.01802731491625309 1248.0674002171404 3.063908025069395e-06
-0.02177988737821579 1248.1205541850009 2.8995832508371677e-06
-0.022195016965270042 1248.1737078112108 2.9592763439723058e-06
-0.02380570024251938 1248.2268610957772 3.075691893172916e-06
-0.021584495902061462 1248.280014038706 3.322237489555846e-06
-0.022628260776400566 1248.333166640005 2.8548356567625888e-06
-0.016409805044531822 1248.3863188996795 3.5712955650524236e-06
-0.021063044667243958 1248.439470817737 3.411336138015031e-06
-0.024144012480974197 1248.4926223941836 3.502721710901824e-06
-0.022659005597233772 1248.545773629026 3.7480458559002727e-06
-0.021179938688874245 1248.5989245222709 3.4475797292543575e-06
-0.02320639230310917 1248.6520750739248 3.0800617878412595e-06
-0.004243908915668726 1248.7052252839942 3.396085503482027e-06
-0.013240637257695198 1248.7583751524858 3.7105799037817633e-06
-0.004584872629493475 1248.8115246794064 3.156919774482958e-06
-0.25936993956565857 1248.8646738647622 3.229982894481509e-06
-0.003760906169191003 1248.9178227085595 2.2385522697732085e-06
-0.005020953714847565 1248.9709712108058 2.195027263951488e-06
-0.005028011742979288 1249.024119371507 2.3324701032834128e-06
-0.005010803230106831 1249.0772671906702 2.361465021749609e-06
-0.005017223302274942 1249.1304146683015 2.027546770477784e-06
