2.600947480087290308e-31
2.738411657802200343e-30
2.683885107298169510e-29
2.448655810606439205e-28
2.079652678849887470e-27
1.644196513914053289e-26
1.210088373180215844e-25
8.290515006019207660e-25
5.287466056202633593e-24
3.139177989556958252e-23
1.734950782438214657e-22
8.926102144408424639e-22
4.275044352128960262e-21
1.906005198900286678e-20
7.910661936652087350e-20
3.056380796323013916e-19
1.099280682885738680e-18
3.680584831838772640e-18
1.147183187321259191e-17
3.328564870116891368e-17
8.990631379080940279e-17
2.260647648217782262e-16
5.291583891924602470e-16
1.153052872357837154e-15
2.338966976333891190e-15
4.416832139181305988e-15
7.764441798215088681e-15
1.270640600070529258e-14
1.935748653725802081e-14
2.745298398645921352e-14
3.624474968060726708e-14
4.454676941009626902e-14
5.096869199730096442e-14
5.428846129203703368e-14
5.383056648667471149e-14
4.968992547158702094e-14
4.269984732941728218e-14
3.415886915918592531e-14
2.543902353052426188e-14
1.763671848996907688e-14
1.138298402799836356e-14
6.839369567156713196e-15
3.825588226457810448e-15
1.992063518929015641e-15
9.656762613548922983e-16
4.357967087404810643e-16
1.830884539915692171e-16
7.160827200539500696e-17
2.607301525551263292e-17
8.837832293362288939e-18
2.788863701184821710e-18
8.192877536061409403e-19
2.240649264506543911e-19
5.704796342963642440e-20
1.352184211576465593e-20
2.983744497602999313e-21
6.129401353902282833e-22
1.172210887472295248e-22
2.087013735147458324e-23
3.459213227852124389e-24
5.337801649281609118e-25
7.667984148716981747e-26
1.025496685961027253e-26
1.276798016780674641e-27
1.479945166181868989e-28
1.597000823300730543e-29
1.604358240734952225e-30
1.500496048169142433e-31
1.306490521403206115e-32
1.059049293043357021e-33
7.992178840367198652e-35
5.615053818279534394e-36
3.672678960113589817e-37
2.236417738839207321e-38
1.267839885884045097e-39
