1.214031864785797097e+03
1.214085238424584531e+03
1.214138611717468621e+03
1.214191984664455731e+03
1.214245357265552457e+03
1.214298729520765846e+03
1.214352101430102493e+03
1.214405472993568992e+03
1.214458844211172618e+03
1.214512215082919283e+03
1.214565585608816491e+03
1.214618955788870380e+03
1.214672325623088000e+03
1.214725695111475716e+03
1.214779064254040804e+03
1.214832433050789405e+03
1.214885801501728793e+03
1.214939169606865107e+03
1.214992537366205624e+03
1.215045904779756484e+03
1.215099271847525188e+03
1.215152638569517649e+03
1.215206004945741142e+03
1.215259370976202263e+03
1.215312736660907376e+03
1.215366101999863758e+03
1.215419466993077549e+03
1.215472831640556024e+03
1.215526195942305776e+03
1.215579559898333173e+03
1.215632923508645490e+03
1.215686286773248639e+03
1.215739649692150124e+03
1.215793012265356538e+03
1.215846374492874020e+03
1.215899736374709846e+03
1.215953097910870611e+03
1.216006459101362907e+03
1.216059819946193329e+03
1.216113180445369380e+03
1.216166540598896972e+03
1.216219900406782926e+03
1.216273259869034291e+03
1.216326618985657433e+03
1.216379977756659400e+03
1.216433336182046332e+03
1.216486694261825733e+03
1.216540051996003740e+03
1.216593409384587403e+03
1.216646766427583088e+03
1.216700123124997845e+03
1.216753479476838265e+03
1.216806835483110945e+03
1.216860191143822931e+03
1.216913546458980591e+03
1.216966901428590518e+03
1.217020256052659988e+03
1.217073610331195141e+03
1.217126964264203025e+03
1.217180317851690461e+03
1.217233671093663816e+03
1.217287023990129683e+03
1.217340376541095566e+03
1.217393728746567376e+03
1.217447080606552163e+03
1.217500432121056747e+03
1.217553783290087495e+03
1.217607134113651227e+03
1.217660484591754766e+03
1.217713834724404933e+03
1.217767184511608093e+03
1.217820533953371296e+03
1.217873883049700680e+03
1.217927231800603749e+03
1.217980580206087325e+03
