1.194580827223541746e+03
1.194634327219770285e+03
1.194687826867632566e+03
1.194741326167135639e+03
1.194794825118285871e+03
1.194848323721090765e+03
1.194901821975556686e+03
1.194955319881690457e+03
1.195008817439498898e+03
1.195062314648989059e+03
1.195115811510167532e+03
1.195169308023040685e+03
1.195222804187616020e+03
1.195276300003900133e+03
1.195329795471899843e+03
1.195383290591621972e+03
1.195436785363072886e+03
1.195490279786259862e+03
1.195543773861189948e+03
1.195597267587869055e+03
1.195650760966304688e+03
1.195704253996503667e+03
1.195757746678472358e+03
1.195811239012217811e+03
1.195864730997746847e+03
1.195918222635066286e+03
1.195971713924182495e+03
1.196025204865102978e+03
1.196078695457834328e+03
1.196132185702382912e+03
1.196185675598756006e+03
1.196239165146960204e+03
1.196292654347002554e+03
1.196346143198889422e+03
1.196399631702627858e+03
1.196453119858224454e+03
1.196506607665686488e+03
1.196560095125020325e+03
1.196613582236232787e+03
1.196667068999330922e+03
1.196720555414321325e+03
1.196774041481210816e+03
1.196827527200006443e+03
1.196881012570714574e+03
1.196934497593342030e+03
1.196987982267896086e+03
1.197041466594383110e+03
1.197094950572809921e+03
1.197148434203183569e+03
1.197201917485510648e+03
1.197255400419797979e+03
1.197308883006052383e+03
1.197362365244280682e+03
1.197415847134489695e+03
1.197469328676686018e+03
1.197522809870876927e+03
1.197576290717068559e+03
1.197629771215268192e+03
1.197683251365482192e+03
1.197736731167717835e+03
1.197790210621981714e+03
1.197843689728280424e+03
1.197897168486621013e+03
1.197950646897010074e+03
1.198004124959454657e+03
1.198057602673961810e+03
1.198111080040537217e+03
1.198164557059188837e+03
1.198218033729922809e+03
1.198271510052746180e+03
1.198324986027665545e+03
1.198378461654687726e+03
1.198431936933819998e+03
1.198485411865068500e+03
1.198538886448440280e+03
1.198592360683942388e+03
1.198645834571580963e+03
1.198699308111363507e+03
1.198752781303296615e+03
1.198806254147386653e+03
1.198859726643640670e+03
1.198913198792065486e+03
1.198966670592667924e+03
1.199020142045455032e+03
1.199073613150432948e+03
1.199127083907608949e+03
1.199180554316989628e+03
1.199234024378582035e+03
1.199287494092392535e+03
1.199340963458428178e+03
1.199394432476695783e+03
1.199447901147201947e+03
1.199501369469953715e+03
1.199554837444957684e+03
1.199608305072220446e+03
1.199661772351749278e+03
1.199715239283550773e+03
1.199768705867631297e+03
1.199822172103998128e+03
1.199875637992658085e+03
1.199929103533617536e+03
1.199982568726883528e+03
1.200036033572463111e+03
1.200089498070362424e+03
1.200142962220588970e+03
1.200196426023148661e+03
1.200249889478049226e+03
1.200303352585296579e+03
1.200356815344898223e+03
1.200410277756860751e+03
1.200463739821190529e+03
1.200517201537894834e+03
1.200570662906980033e+03
1.200624123928453173e+03
1.200677584602321303e+03
1.200731044928590791e+03
1.200784504907268229e+03
1.200837964538361121e+03
1.200891423821875605e+03
1.200944882757818505e+03
1.200998341346196867e+03
1.201051799587017513e+03
1.201105257480286582e+03
1.201158715026012032e+03
1.201212172224199321e+03
1.201265629074856179e+03
1.201319085577989199e+03
1.201372541733604749e+03
1.201425997541710103e+03
1.201479453002311629e+03
1.201532908115416603e+03
1.201586362881030936e+03
1.201639817299162360e+03
1.201693271369817239e+03
1.201746725093002397e+03
1.201800178468724198e+03
1.201853631496990147e+03
1.201907084177806837e+03
1.201960536511180408e+03
1.202013988497118135e+03
1.202067440135627066e+03
1.202120891426713570e+03
1.202174342370384466e+03
1.202227792966646575e+03
1.202281243215506720e+03
1.202334693116971721e+03
1.202388142671047945e+03
1.202441591877742667e+03
1.202495040737062482e+03
1.202548489249014210e+03
1.202601937413604674e+03
1.202655385230840238e+03
1.202708832700728180e+03
1.202762279823274866e+03
1.202815726598487572e+03
1.202869173026372664e+03
1.202922619106936963e+03
1.202976064840187291e+03
1.203029510226130469e+03
1.203082955264772863e+03
1.203136399956121977e+03
1.203189844300184177e+03
1.203243288296966284e+03
1.203296731946475120e+03
1.203350175248717051e+03
1.203403618203699352e+03
1.203457060811428846e+03
1.203510503071911899e+03
1.203563944985155103e+03
1.203617386551166192e+03
1.203670827769950847e+03
1.203724268641516346e+03
1.203777709165869510e+03
1.203831149343017159e+03
1.203884589172965889e+03
1.203938028655722519e+03
1.203991467791293644e+03
1.204044906579686312e+03
1.204098345020906891e+03
1.204151783114962655e+03
1.204205220861860198e+03
1.204258658261605888e+03
1.204312095314206999e+03
1.204365532019670127e+03
1.204418968378002091e+03
1.204472404389209487e+03
1.204525840053299135e+03
1.204579275370277855e+03
1.204632710340152471e+03
1.204686144962929802e+03
1.204739579238616443e+03
1.204793013167218987e+03
1.204846446748744711e+03
1.204899879983199753e+03
1.204953312870591390e+03
1.205006745410926214e+03
1.205060177604210821e+03
1.205113609450452259e+03
1.205167040949657121e+03
1.205220472101832229e+03
1.205273902906984404e+03
1.205327333365120239e+03
1.205380763476246329e+03
1.205434193240369950e+03
1.205487622657497468e+03
1.205541051727636159e+03
1.205594480450791934e+03
1.205647908826972298e+03
1.205701336856183616e+03
1.205754764538432710e+03
1.205808191873726400e+03
1.205861618862071509e+03
1.205915045503474630e+03
1.205968471797942584e+03
1.206021897745482192e+03
1.206075323346100504e+03
1.206128748599803885e+03
1.206182173506598701e+03
1.206235598066492457e+03
1.206289022279491746e+03
1.206342446145602935e+03
1.206395869664833072e+03
1.206449292837188978e+03
1.206502715662677247e+03
1.206556138141305155e+03
1.206609560273078387e+03
1.206662982058004673e+03
1.206716403496090379e+03
1.206769824587342100e+03
1.206823245331767112e+03
1.206876665729371553e+03
1.206930085780162699e+03
1.206983505484147145e+03
1.207036924841331256e+03
1.207090343851722309e+03
1.207143762515326898e+03
1.207197180832151616e+03
1.207250598802203285e+03
1.207304016425488953e+03
1.207357433702015214e+03
1.207410850631788662e+03
1.207464267214815891e+03
1.207517683451104176e+03
1.207571099340659657e+03
1.207624514883489383e+03
1.207677930079600628e+03
1.207731344928999306e+03
1.207784759431692692e+03
1.207838173587687152e+03
1.207891587396989962e+03
1.207945000859607262e+03
1.207998413975546100e+03
1.208051826744813070e+03
1.208105239167415675e+03
1.208158651243359600e+03
1.208212062972652348e+03
1.208265474355300057e+03
1.208318885391309777e+03
1.208372296080688329e+03
1.208425706423442534e+03
1.208479116419579213e+03
1.208532526069104733e+03
1.208585935372025915e+03
1.208639344328349807e+03
1.208692752938082549e+03
1.208746161201231871e+03
1.208799569117803458e+03
1.208852976687805040e+03
1.208906383911242528e+03
1.208959790788123200e+03
1.209013197318453422e+03
1.209066603502240241e+03
1.209120009339490707e+03
1.209173414830210504e+03
1.209226819974407363e+03
1.209280224772087649e+03
1.209333629223258413e+03
1.209387033327925565e+03
1.209440437086096836e+03
1.209493840497778365e+03
1.209547243562977201e+03
1.209600646281700165e+03
1.209654048653953851e+03
1.209707450679744625e+03
1.209760852359079763e+03
1.209814253691965860e+03
1.209867654678409508e+03
1.209921055318417757e+03
1.209974455611996746e+03
1.210027855559153750e+03
1.210081255159895818e+03
1.210134654414228862e+03
1.210188053322159931e+03
1.210241451883696300e+03
1.210294850098843881e+03
1.210348247967609950e+03
1.210401645490000874e+03
1.210455042666023928e+03
1.210508439495685479e+03
1.210561835978992121e+03
1.210615232115951130e+03
1.210668627906568872e+03
1.210722023350851941e+03
1.210775418448807159e+03
1.210828813200441573e+03
1.210882207605761550e+03
1.210935601664774140e+03
1.210988995377485935e+03
1.211042388743903757e+03
1.211095781764033973e+03
1.211149174437884085e+03
1.211202566765460006e+03
1.211255958746769011e+03
1.211309350381817467e+03
1.211362741670612422e+03
1.211416132613160471e+03
1.211469523209468207e+03
1.211522913459542679e+03
1.211576303363390480e+03
1.211629692921018204e+03
1.211683082132432673e+03
1.211736470997640936e+03
1.211789859516649130e+03
1.211843247689464761e+03
1.211896635516093511e+03
1.211950022996543112e+03
1.212003410130820157e+03
1.212056796918930786e+03
1.212110183360882047e+03
1.212163569456680762e+03
1.212216955206333751e+03
1.212270340609847381e+03
1.212323725667228700e+03
1.212377110378484076e+03
1.212430494743620784e+03
1.212483878762645418e+03
1.212537262435564344e+03
1.212590645762384838e+03
1.212644028743112813e+03
1.212697411377755770e+03
1.212750793666320305e+03
1.212804175608812784e+03
1.212857557205240255e+03
1.212910938455609539e+03
1.212964319359927003e+03
1.213017699918199469e+03
1.213071080130433984e+03
1.213124459996636915e+03
1.213177839516815084e+03
1.213231218690975538e+03
1.213284597519124418e+03
1.213337976001269226e+03
1.213391354137415874e+03
1.213444731927571411e+03
1.213498109371742885e+03
1.213551486469936663e+03
1.213604863222159338e+03
1.213658239628417959e+03
1.213711615688719121e+03
1.213764991403069871e+03
1.213818366771476121e+03
1.213871741793945375e+03
1.213925116470484227e+03
1.213978490801099269e+03
1.214031864785797097e+03
1.214085238424584531e+03
1.214138611717468621e+03
1.214191984664455731e+03
1.214245357265552457e+03
1.214298729520765846e+03
1.214352101430102493e+03
1.214405472993568992e+03
1.214458844211172618e+03
1.214512215082919283e+03
1.214565585608816491e+03
1.214618955788870380e+03
1.214672325623088000e+03
1.214725695111475716e+03
1.214779064254040804e+03
1.214832433050789405e+03
1.214885801501728793e+03
1.214939169606865107e+03
1.214992537366205624e+03
1.215045904779756484e+03
1.215099271847525188e+03
1.215152638569517649e+03
1.215206004945741142e+03
1.215259370976202263e+03
1.215312736660907376e+03
1.215366101999863758e+03
1.215419466993077549e+03
1.215472831640556024e+03
1.215526195942305776e+03
1.215579559898333173e+03
1.215632923508645490e+03
1.215686286773248639e+03
1.215739649692150124e+03
1.215793012265356538e+03
1.215846374492874020e+03
1.215899736374709846e+03
1.215953097910870611e+03
1.216006459101362907e+03
1.216059819946193329e+03
1.216113180445369380e+03
1.216166540598896972e+03
1.216219900406782926e+03
1.216273259869034291e+03
1.216326618985657433e+03
1.216379977756659400e+03
1.216433336182046332e+03
1.216486694261825733e+03
1.216540051996003740e+03
1.216593409384587403e+03
1.216646766427583088e+03
1.216700123124997845e+03
1.216753479476838265e+03
1.216806835483110945e+03
1.216860191143822931e+03
1.216913546458980591e+03
1.216966901428590518e+03
1.217020256052659988e+03
1.217073610331195141e+03
1.217126964264203025e+03
1.217180317851690461e+03
1.217233671093663816e+03
1.217287023990129683e+03
1.217340376541095566e+03
1.217393728746567376e+03
1.217447080606552163e+03
1.217500432121056747e+03
1.217553783290087495e+03
1.217607134113651227e+03
1.217660484591754766e+03
1.217713834724404933e+03
1.217767184511608093e+03
1.217820533953371296e+03
1.217873883049700680e+03
1.217927231800603749e+03
1.217980580206087325e+03
1.218033928266157091e+03
1.218087275980820323e+03
1.218140623350083615e+03
1.218193970373954016e+03
1.218247317052437893e+03
1.218300663385541839e+03
1.218354009373273129e+03
1.218407355015637904e+03
1.218460700312643439e+03
1.218514045264295646e+03
1.218567389870601801e+03
1.218620734131568497e+03
1.218674078047202556e+03
1.218727421617510572e+03
1.218780764842498684e+03
1.218834107722174622e+03
1.218887450256544753e+03
1.218940792445615443e+03
1.218994134289393742e+03
1.219047475787885787e+03
1.219100816941099083e+03
1.219154157749039996e+03
1.219207498211714892e+03
1.219260838329131275e+03
1.219314178101295283e+03
1.219367517528213057e+03
1.219420856609892780e+03
1.219474195346339684e+03
1.219527533737561271e+03
1.219580871783564362e+03
1.219634209484354869e+03
1.219687546839940524e+03
1.219740883850327009e+03
1.219794220515521829e+03
1.219847556835531350e+03
1.219900892810362166e+03
1.219954228440021325e+03
1.220007563724515194e+03
1.220060898663850367e+03
1.220114233258034119e+03
1.220167567507072818e+03
1.220220901410973056e+03
1.220274234969741428e+03
1.220327568183384983e+03
1.220380901051910541e+03
1.220434233575324242e+03
1.220487565753633362e+03
1.220540897586844039e+03
1.220594229074963323e+03
1.220647560217997807e+03
1.220700891015954085e+03
1.220754221468839432e+03
1.220807551576659762e+03
1.220860881339422122e+03
1.220914210757133333e+03
1.220967539829799989e+03
1.221020868557428912e+03
1.221074196940026241e+03
1.221127524977599251e+03
1.221180852670154536e+03
1.221234180017698691e+03
1.221287507020238536e+03
1.221340833677780438e+03
1.221394159990331673e+03
1.221447485957898152e+03
1.221500811580487380e+03
1.221554136858105721e+03
1.221607461790759544e+03
1.221660786378456123e+03
1.221714110621201826e+03
1.221767434519003018e+03
1.221820758071867203e+03
1.221874081279800521e+03
1.221927404142809792e+03
1.221980726660901382e+03
1.222034048834082796e+03
1.222087370662359945e+03
1.222140692145739877e+03
1.222194013284229186e+03
1.222247334077834466e+03
1.222300654526562766e+03
1.222353974630420453e+03
1.222407294389414574e+03
1.222460613803551041e+03
1.222513932872837358e+03
1.222567251597280119e+03
1.222620569976885463e+03
1.222673888011660665e+03
1.222727205701612093e+03
1.222780523046746566e+03
1.222833840047070680e+03
1.222887156702591028e+03
1.222940473013314659e+03
1.222993788979247938e+03
1.223047104600397915e+03
1.223100419876770729e+03
1.223153734808373656e+03
1.223207049395213062e+03
1.223260363637295541e+03
1.223313677534627686e+03
1.223366991087217002e+03
1.223420304295069400e+03
1.223473617158191473e+03
1.223526929676590271e+03
1.223580241850272614e+03
1.223633553679244869e+03
1.223686865163513858e+03
1.223740176303086173e+03
1.223793487097968637e+03
1.223846797548167842e+03
1.223900107653690611e+03
1.223953417414543310e+03
1.224006726830732987e+03
1.224060035902266236e+03
1.224113344629149424e+03
1.224166653011389599e+03
1.224219961048993355e+03
1.224273268741967513e+03
1.224326576090318440e+03
1.224379883094052730e+03
1.224433189753177658e+03
1.224486496067699591e+03
1.224539802037625122e+03
1.224593107662960847e+03
1.224646412943713585e+03
1.224699717879890159e+03
1.224753022471497161e+03
1.224806326718541186e+03
1.224859630621029055e+03
1.224912934178967362e+03
1.224966237392362473e+03
1.225019540261221891e+03
1.225072842785551302e+03
1.225126144965358208e+03
1.225179446800648748e+03
1.225232748291429971e+03
1.225286049437708471e+03
1.225339350239490614e+03
1.225392650696783221e+03
1.225445950809593569e+03
1.225499250577927569e+03
1.225552550001792042e+03
1.225605849081194037e+03
1.225659147816139694e+03
1.225712446206636059e+03
1.225765744252689728e+03
1.225819041954307522e+03
1.225872339311495807e+03
1.225925636324261632e+03
1.225978932992611362e+03
1.226032229316551820e+03
1.226085525296089827e+03
1.226138820931231749e+03
1.226192116221984179e+03
1.226245411168354167e+03
1.226298705770348533e+03
1.226352000027973418e+03
1.226405293941235641e+03
1.226458587510142024e+03
1.226511880734699162e+03
1.226565173614913647e+03
1.226618466150792528e+03
1.226671758342342173e+03
1.226725050189569174e+03
1.226778341692480353e+03
1.226831632851082531e+03
1.226884923665382075e+03
1.226938214135385579e+03
1.226991504261100317e+03
1.227044794042532203e+03
1.227098083479688739e+03
1.227151372572575838e+03
1.227204661321200319e+03
1.227257949725569460e+03
1.227311237785689173e+03
1.227364525501566504e+03
1.227417812873208277e+03
1.227471099900620629e+03
1.227524386583810383e+03
1.227577672922784814e+03
1.227630958917550061e+03
1.227684244568112945e+03
1.227737529874479605e+03
1.227790814836657546e+03
1.227844099454653133e+03
1.227897383728472960e+03
1.227950667658123393e+03
1.228003951243611937e+03
1.228057234484944274e+03
1.228110517382127910e+03
1.228163799935168981e+03
1.228217082144074311e+03
1.228270364008850493e+03
1.228323645529504574e+03
1.228376926706042696e+03
1.228430207538471905e+03
1.228483488026798341e+03
1.228536768171029507e+03
1.228590047971171316e+03
1.228643327427230815e+03
1.228696606539214827e+03
1.228749885307129489e+03
1.228803163730981851e+03
1.228856441810778506e+03
1.228909719546525821e+03
1.228962996938231299e+03
1.229016273985900625e+03
1.229069550689540847e+03
1.229122827049158786e+03
1.229176103064761037e+03
1.229229378736354192e+03
1.229282654063944847e+03
1.229335929047539821e+03
1.229389203687145482e+03
1.229442477982769105e+03
1.229495751934416830e+03
1.229549025542095478e+03
1.229602298805811643e+03
1.229655571725572145e+03
1.229708844301383351e+03
1.229762116533252311e+03
1.229815388421185162e+03
1.229868659965188954e+03
1.229921931165270507e+03
1.229975202021435962e+03
1.230028472533692593e+03
1.230081742702046768e+03
1.230135012526504852e+03
1.230188282007074122e+03
1.230241551143760489e+03
1.230294819936571230e+03
1.230348088385512710e+03
1.230401356490591752e+03
1.230454624251814721e+03
1.230507891669188666e+03
1.230561158742720181e+03
1.230614425472415860e+03
1.230667691858281842e+03
1.230720957900325629e+03
1.230774223598553363e+03
1.230827488952971862e+03
1.230880753963587722e+03
1.230934018630407991e+03
1.230987282953438353e+03
1.231040546932686539e+03
1.231093810568158688e+03
1.231147073859861621e+03
1.231200336807801705e+03
1.231253599411985533e+03
1.231306861672420609e+03
1.231360123589112391e+03
1.231413385162068607e+03
1.231466646391295399e+03
1.231519907276799358e+03
1.231573167818587308e+03
1.231626428016665614e+03
1.231679687871041551e+03
1.231732947381720805e+03
1.231786206548711107e+03
1.231839465372018367e+03
1.231892723851649407e+03
1.231945981987611049e+03
1.231999239779910113e+03
1.232052497228552511e+03
1.232105754333545747e+03
1.232159011094895959e+03
1.232212267512609969e+03
1.232265523586694371e+03
1.232318779317155986e+03
1.232372034704001180e+03
1.232425289747236548e+03
1.232478544446869137e+03
1.232531798802905541e+03
1.232585052815352356e+03
1.232638306484215491e+03
1.232691559809503133e+03
1.232744812791220284e+03
1.232798065429374674e+03
1.232851317723972670e+03
1.232904569675021094e+03
1.232957821282525856e+03
1.233011072546494461e+03
1.233064323466933274e+03
1.233117574043848890e+03
1.233170824277247903e+03
1.233224074167136905e+03
1.233277323713522946e+03
1.233330572916412166e+03
1.233383821775811612e+03
1.233437070291727650e+03
1.233490318464167103e+03
1.233543566293136337e+03
1.233596813778642627e+03
1.233650060920691885e+03
1.233703307719291161e+03
1.233756554174447274e+03
1.233809800286166137e+03
1.233863046054455253e+03
1.233916291479320762e+03
1.233969536560769257e+03
1.234022781298807786e+03
1.234076025693442489e+03
1.234129269744680641e+03
1.234182513452528610e+03
1.234235756816992307e+03
1.234288999838079690e+03
1.234342242515796670e+03
1.234395484850149614e+03
1.234448726841145799e+03
1.234501968488791363e+03
1.234555209793093354e+03
1.234608450754058140e+03
1.234661691371692541e+03
1.234714931646003151e+03
1.234768171576996338e+03
1.234821411164679148e+03
1.234874650409057949e+03
1.234927889310139790e+03
1.234981127867930809e+03
1.235034366082437828e+03
1.235087603953667212e+03
1.235140841481626239e+03
1.235194078666321047e+03
1.235247315507758685e+03
1.235300552005945292e+03
1.235353788160887689e+03
1.235407023972592924e+03
1.235460259441067137e+03
1.235513494566316922e+03
1.235566729348349327e+03
1.235619963787170718e+03
1.235673197882787917e+03
1.235726431635207291e+03
1.235779665044435433e+03
1.235832898110479391e+03
1.235886130833345987e+03
1.235939363213040679e+03
1.235992595249571195e+03
1.236045826942944132e+03
1.236099058293165626e+03
1.236152289300242501e+03
1.236205519964181576e+03
1.236258750284989219e+03
1.236311980262672250e+03
1.236365209897237264e+03
1.236418439188690854e+03
1.236471668137039842e+03
1.236524896742290366e+03
1.236578125004449475e+03
1.236631352923523764e+03
1.236684580499519825e+03
1.236737807732444480e+03
1.236791034622304096e+03
1.236844261169105039e+03
1.236897487372854584e+03
1.236950713233559100e+03
1.237003938751225178e+03
1.237057163925859186e+03
1.237110388757468399e+03
1.237163613246058958e+03
1.237216837391637455e+03
1.237270061194210939e+03
1.237323284653785549e+03
1.237376507770368335e+03
1.237429730543965661e+03
1.237482952974584123e+03
1.237536175062230541e+03
1.237589396806911509e+03
1.237642618208633621e+03
1.237695839267403471e+03
1.237749059983227653e+03
1.237802280356112988e+03
1.237855500386066069e+03
1.237908720073093264e+03
1.237961939417201393e+03
1.238015158418397277e+03
1.238068377076687284e+03
1.238121595392078007e+03
1.238174813364576266e+03
1.238228030994188430e+03
1.238281248280921318e+03
1.238334465224781752e+03
1.238387681825775871e+03
1.238440898083910497e+03
1.238494113999192678e+03
1.238547329571628552e+03
1.238600544801224714e+03
1.238653759687987986e+03
1.238706974231925187e+03
1.238760188433042458e+03
1.238813402291346847e+03
1.238866615806844493e+03
1.238919828979542672e+03
1.238973041809447750e+03
1.239026254296566094e+03
1.239079466440904525e+03
1.239132678242469638e+03
1.239185889701268252e+03
1.239239100817306735e+03
1.239292311590591680e+03
1.239345522021129909e+03
1.239398732108928016e+03
1.239451941853992366e+03
1.239505151256330009e+03
1.239558360315947084e+03
1.239611569032850866e+03
1.239664777407047040e+03
1.239717985438543337e+03
1.239771193127345441e+03
1.239824400473460628e+03
1.239877607476895037e+03
1.239930814137655489e+03
1.239984020455748578e+03
1.240037226431180898e+03
1.240090432063959497e+03
1.240143637354090288e+03
1.240196842301580091e+03
1.240250046906435955e+03
1.240303251168664019e+03
1.240356455088271332e+03
1.240409658665264260e+03
1.240462861899648942e+03
1.240516064791432882e+03
1.240569267340622218e+03
1.240622469547223773e+03
1.240675671411243911e+03
1.240728872932689228e+03
1.240782074111566544e+03
1.240835274947882453e+03
1.240888475441644005e+03
1.240941675592856882e+03
1.240994875401527906e+03
1.241048074867664582e+03
1.241101273991272592e+03
1.241154472772359213e+03
1.241207671210930130e+03
1.241260869306992845e+03
1.241314067060553725e+03
1.241367264471619137e+03
1.241420461540196129e+03
1.241473658266290840e+03
1.241526854649910319e+03
1.241580050691060933e+03
1.241633246389749274e+03
1.241686441745982165e+03
1.241739636759765972e+03
1.241792831431107516e+03
1.241846025760013163e+03
1.241899219746489734e+03
1.241952413390543825e+03
1.242005606692182255e+03
1.242058799651410936e+03
1.242111992268237373e+03
1.242165184542667248e+03
1.242218376474708066e+03
1.242271568064365738e+03
1.242324759311647540e+03
1.242377950216559384e+03
1.242431140779108091e+03
1.242484330999300937e+03
1.242537520877143606e+03
1.242590710412643375e+03
1.242643899605806155e+03
1.242697088456639221e+03
1.242750276965148942e+03
1.242803465131341909e+03
1.242856652955224945e+03
1.242909840436803961e+03
1.242963027576086461e+03
1.243016214373078355e+03
1.243069400827786922e+03
1.243122586940218071e+03
1.243175772710378851e+03
1.243228958138275857e+03
1.243282143223915455e+03
1.243335327967304693e+03
1.243388512368449483e+03
1.243441696427357101e+03
1.243494880144033687e+03
1.243548063518486060e+03
1.243601246550721044e+03
1.243654429240744548e+03
1.243707611588564077e+03
1.243760793594185770e+03
1.243813975257615994e+03
1.243867156578861795e+03
1.243920337557929770e+03
1.243973518194826056e+03
1.244026698489557930e+03
1.244079878442131303e+03
1.244133058052552997e+03
1.244186237320829832e+03
1.244239416246968403e+03
1.244292594830975304e+03
1.244345773072856900e+03
1.244398950972619787e+03
1.244452128530271011e+03
1.244505305745816713e+03
1.244558482619263714e+03
1.244611659150618607e+03
1.244664835339887986e+03
1.244718011187078446e+03
1.244771186692196579e+03
1.244824361855248526e+03
1.244877536676241562e+03
1.244930711155182507e+03
1.244983885292077048e+03
1.245037059086932459e+03
1.245090232539755107e+03
1.245143405650551585e+03
1.245196578419328489e+03
1.245249750846092638e+03
1.245302922930850173e+03
1.245356094673608141e+03
1.245409266074372908e+03
1.245462437133151298e+03
1.245515607849949447e+03
1.245568778224774633e+03
1.245621948257632539e+03
1.245675117948530897e+03
1.245728287297475390e+03
1.245781456304473068e+03
1.245834624969530296e+03
1.245887793292653896e+03
1.245940961273850235e+03
1.245994128913125678e+03
1.246047296210487730e+03
1.246100463165942074e+03
1.246153629779495759e+03
1.246206796051155152e+03
1.246259961980927073e+03
1.246313127568817890e+03
1.246366292814834424e+03
1.246419457718983267e+03
1.246472622281270787e+03
1.246525786501703578e+03
1.246578950380288461e+03
1.246632113917032029e+03
1.246685277111940877e+03
1.246738439965021371e+03
1.246791602476280104e+03
1.246844764645723899e+03
1.246897926473359348e+03
1.246951087959192819e+03
1.247004249103230677e+03
1.247057409905480426e+03
1.247110570365947751e+03
1.247163730484639700e+03
1.247216890261562867e+03
1.247270049696723845e+03
1.247323208790128774e+03
1.247376367541784703e+03
1.247429525951698224e+03
1.247482684019875478e+03
1.247535841746323740e+03
1.247588999131048922e+03
1.247642156174058073e+03
1.247695312875358013e+03
1.247748469234954655e+03
1.247801625252854592e+03
1.247854780929065100e+03
1.247907936263592092e+03
1.247961091256443069e+03
1.248014245907623490e+03
1.248067400217140403e+03
1.248120554185000856e+03
1.248173707811210761e+03
1.248226861095777167e+03
1.248280014038705986e+03
1.248333166640004947e+03
1.248386318899679509e+03
1.248439470817736947e+03
1.248492622394183627e+03
1.248545773629025916e+03
1.248598924522270863e+03
1.248652075073924834e+03
1.248705225283994196e+03
1.248758375152485769e+03
1.248811524679406375e+03
1.248864673864762153e+03
1.248917822708559470e+03
1.248970971210805828e+03
1.249024119371506913e+03
1.249077267190670227e+03
1.249130414668301455e+03
