1.447447211980819604e-01
1.393805044174194208e-01
1.217919151306152414e-01
1.302895991086959748e-01
1.304218863725662148e-01
1.345414591789245717e-01
1.610924534082412707e-01
1.140752724409103414e-01
1.256132125616073736e-01
1.154410717248916668e-01
1.763642110824585052e-01
1.368653816938400214e-01
1.503068351507186873e-01
1.134809074163436876e-01
1.371150627851486226e-01
9.621180902719497774e-02
1.430354325056076015e-01
1.202241649150848357e-01
1.432045848369598307e-01
1.325375676393509006e-01
1.574101529121398890e-01
1.243346771240234350e-01
1.504523384332656921e-01
1.404708005428314255e-01
1.567378133773803806e-01
1.408388793706893960e-01
1.533497599124908350e-01
1.362965972900390677e-01
