1.450449281454086192e-01
1.469951804399490247e-01
1.351193041801452555e-01
1.468122021198272620e-01
1.627954517841339044e-01
1.460636036157608175e-01
1.458316624879837098e-01
1.450547893285751289e-01
1.539530584573745864e-01
1.407060202598571785e-01
1.536186804771423331e-01
1.435494085550308163e-01
1.547376451969146860e-01
1.528769949674606277e-01
1.615265360832214281e-01
1.624774667501449610e-01
1.260749217987060522e-01
1.660393871068954474e-01
1.555786414623260561e-01
1.501920591115951664e-01
1.631267290830612227e-01
1.547687917947769276e-01
1.430278078794479379e-01
1.411316141843795835e-01
1.425558308124542373e-01
1.523831225156783986e-01
1.409755889177322363e-01
1.314121855258941762e-01
