7.491766214370727539e-01
9.586170315742492676e-01
7.809044718742370605e-01
7.557755112648010254e-01
8.453134298324584961e-01
8.450537919998168945e-01
1.262910485267639160e+00
6.882901787757873535e-01
7.287716269493103027e-01
7.559717297554016113e-01
1.409242510795593262e+00
8.889016509056091309e-01
1.125224828720092773e+00
7.473981380462646484e-01
1.038746476173400879e+00
5.428293347358703613e-01
1.054775953292846680e+00
7.849072813987731934e-01
1.007427334785461426e+00
9.984009265899658203e-01
6.179096698760986328e-01
8.577032685279846191e-01
1.192464590072631836e+00
9.636731147766113281e-01
1.014114499092102051e+00
9.772607088088989258e-01
7.792560458183288574e-01
7.975045442581176758e-01
