1.242855906486511230e+00
1.169763803482055664e+00
1.041749835014343262e+00
1.054593324661254883e+00
1.409146308898925781e+00
1.239454030990600586e+00
1.099172115325927734e+00
1.219432115554809570e+00
1.294480800628662109e+00
1.093490123748779297e+00
1.257267355918884277e+00
1.160024285316467285e+00
1.150494575500488281e+00
1.282486200332641602e+00
1.439913153648376465e+00
1.351859450340270996e+00
8.537247776985168457e-01
1.340687632560729980e+00
1.353340148925781250e+00
1.207963585853576660e+00
1.466092824935913086e+00
1.326616525650024414e+00
9.117308855056762695e-01
1.003865003585815430e+00
1.085041165351867676e+00
1.316290616989135742e+00
9.020062088966369629e-01
9.203414916992187500e-01
