-3.193308458562011509e+00
-1.604437463851492218e+00
-1.351518396665782440e+01
-1.791891091619661480e-01
-1.556656965247259911e-02
-1.335156621045566361e+01
-1.768059679229982972e+00
-3.356921744445963807e+00
-5.045966473305488087e+00
-1.476804655798506616e+01
1.480559698222294052e-01
-3.520535153242455806e+00
1.736370517956395298e+00
-1.520453640081135482e+01
-4.609512370936585945e+00
1.245502329514823758e+00
-1.367880174526102977e+01
1.409125103699702564e+00
-1.505903987220461282e+01
-4.754997030742339703e+00
-4.900481813499734329e+00
-1.491354320950435230e+01
1.572747743771516493e+00
-1.931681928151396166e+00
-1.440815237252936587e+00
-1.318794846539538490e+01
-3.428116598133418291e-01
-3.029695195079108228e+00
