-1.827886966635180954e+01
1.582637511781711526e+00
-4.970748789030576376e+00
-1.079427765039750638e-02
-1.744287753304924748e-01
1.419003181749787679e+00
-1.842437391749414743e+01
-3.197107646026105421e+00
-3.380633959231318930e-01
-1.715851376598224931e+01
-1.813336529229692928e+01
-1.440593189920615691e+00
-1.666761504506832026e+01
-3.360736041669261542e+00
-1.604227352288728037e+00
-3.524364437312422549e+00
-1.683124798929651433e+01
-1.931495800015688546e+00
-3.033479250382944414e+00
-1.699488082175405168e+01
-4.534228626057095646e+00
-1.767861503514962740e+00
-1.856987830269090622e+01
1.255368941118754966e+00
-4.679735380565118952e+00
-4.825242135073142258e+00
1.528403317855038246e-01
1.746271830640478750e+00
